# OpenCV extrinsics, RELATIVE TO FRAME 0: X_cam_i = R * X_cam0 + t
# Frame 0 is the reference (R=I, t=0). Per frame: 3x4 rows [R | t].
# Total frames: 250
frame 0000
1.0000000000 0.0000000000 -0.0000000000 0.0000000000
0.0000000000 1.0000000000 0.0000000000 0.0000000000
-0.0000000000 0.0000000000 1.0000000000 0.0000000000
frame 0001
0.9999819283 0.0000000000 0.0060119154 -0.0190113458
0.0000000000 1.0000000000 0.0000000000 0.0000000000
-0.0060119154 0.0000000000 0.9999819283 -0.0062103730
frame 0002
0.9999274284 0.0000000000 0.0120473184 -0.0380969659
0.0000000000 1.0000000000 0.0000000000 0.0000000000
-0.0120473184 0.0000000000 0.9999274284 -0.0121910291
frame 0003
0.9998360787 0.0000000000 0.0181056835 -0.0572551985
0.0000000000 1.0000000000 0.0000000000 0.0000000000
-0.0181056835 0.0000000000 0.9998360787 -0.0179399622
frame 0004
0.9997074645 0.0000000000 0.0241864709 -0.0764843367
0.0000000000 1.0000000000 0.0000000000 0.0000000000
-0.0241864709 0.0000000000 0.9997074645 -0.0234551966
frame 0005
0.9995411791 0.0000000000 0.0302891266 -0.0957826285
0.0000000000 1.0000000000 0.0000000000 0.0000000000
-0.0302891266 0.0000000000 0.9995411791 -0.0287347886
frame 0006
0.9993368238 0.0000000000 0.0364130826 -0.1151482778
0.0000000000 1.0000000000 0.0000000000 0.0000000000
-0.0364130826 0.0000000000 0.9993368238 -0.0337768282
frame 0007
0.9990940083 0.0000000000 0.0425577569 -0.1345794441
0.0000000000 1.0000000000 0.0000000000 0.0000000000
-0.0425577569 0.0000000000 0.9990940083 -0.0385794406
frame 0008
0.9988123511 0.0000000000 0.0487225537 -0.1540742432
0.0000000000 1.0000000000 0.0000000000 0.0000000000
-0.0487225537 0.0000000000 0.9988123511 -0.0431407881
frame 0009
0.9984914804 0.0000000000 0.0549068635 -0.1736307478
0.0000000000 1.0000000000 0.0000000000 0.0000000000
-0.0549068635 0.0000000000 0.9984914804 -0.0474590711
frame 0010
0.9981310336 0.0000000000 0.0611100633 -0.1932469879
0.0000000000 1.0000000000 0.0000000000 0.0000000000
-0.0611100633 0.0000000000 0.9981310336 -0.0515325301
frame 0011
0.9977306585 0.0000000000 0.0673315168 -0.2129209515
0.0000000000 1.0000000000 0.0000000000 0.0000000000
-0.0673315168 0.0000000000 0.9977306585 -0.0553594474
frame 0012
0.9972900133 0.0000000000 0.0735705747 -0.2326505850
0.0000000000 1.0000000000 0.0000000000 0.0000000000
-0.0735705747 0.0000000000 0.9972900133 -0.0589381482
frame 0013
0.9968087670 0.0000000000 0.0798265748 -0.2524337941
0.0000000000 1.0000000000 0.0000000000 0.0000000000
-0.0798265748 0.0000000000 0.9968087670 -0.0622670025
frame 0014
0.9962866000 0.0000000000 0.0860988420 -0.2722684446
0.0000000000 1.0000000000 0.0000000000 0.0000000000
-0.0860988420 0.0000000000 0.9962866000 -0.0653444267
frame 0015
0.9957232044 0.0000000000 0.0923866891 -0.2921523629
0.0000000000 1.0000000000 0.0000000000 0.0000000000
-0.0923866891 0.0000000000 0.9957232044 -0.0681688847
frame 0016
0.9951182840 0.0000000000 0.0986894166 -0.3120833374
0.0000000000 1.0000000000 0.0000000000 0.0000000000
-0.0986894166 0.0000000000 0.9951182840 -0.0707388898
frame 0017
0.9944715552 0.0000000000 0.1050063133 -0.3320591187
0.0000000000 1.0000000000 0.0000000000 0.0000000000
-0.1050063133 0.0000000000 0.9944715552 -0.0730530061
frame 0018
0.9937827474 0.0000000000 0.1113366563 -0.3520774211
0.0000000000 1.0000000000 0.0000000000 0.0000000000
-0.1113366563 0.0000000000 0.9937827474 -0.0751098498
frame 0019
0.9930516026 0.0000000000 0.1176797117 -0.3721359235
0.0000000000 1.0000000000 0.0000000000 0.0000000000
-0.1176797117 0.0000000000 0.9930516026 -0.0769080909
frame 0020
0.9922778767 0.0000000000 0.1240347346 -0.3922322703
0.0000000000 1.0000000000 0.0000000000 0.0000000000
-0.1240347346 0.0000000000 0.9922778767 -0.0784464541
frame 0021
0.9914613392 0.0000000000 0.1304009695 -0.4123640726
0.0000000000 1.0000000000 0.0000000000 0.0000000000
-0.1304009695 0.0000000000 0.9914613392 -0.0797237207
frame 0022
0.9906017738 0.0000000000 0.1367776508 -0.4325289095
0.0000000000 1.0000000000 0.0000000000 0.0000000000
-0.1367776508 0.0000000000 0.9906017738 -0.0807387298
frame 0023
0.9896989786 0.0000000000 0.1431640032 -0.4527243290
0.0000000000 1.0000000000 0.0000000000 0.0000000000
-0.1431640032 0.0000000000 0.9896989786 -0.0814903792
frame 0024
0.9887527664 0.0000000000 0.1495592420 -0.4729478498
0.0000000000 1.0000000000 0.0000000000 0.0000000000
-0.1495592420 0.0000000000 0.9887527664 -0.0819776273
frame 0025
0.9877629653 0.0000000000 0.1559625735 -0.4931969619
0.0000000000 1.0000000000 0.0000000000 0.0000000000
-0.1559625735 0.0000000000 0.9877629653 -0.0821994937
frame 0026
0.9867294185 0.0000000000 0.1623731955 -0.5134691286
0.0000000000 1.0000000000 0.0000000000 0.0000000000
-0.1623731955 0.0000000000 0.9867294185 -0.0821550606
frame 0027
0.9856519849 0.0000000000 0.1687902976 -0.5337617875
0.0000000000 1.0000000000 0.0000000000 0.0000000000
-0.1687902976 0.0000000000 0.9856519849 -0.0818434741
frame 0028
0.9845305393 0.0000000000 0.1752130621 -0.5540723520
0.0000000000 1.0000000000 0.0000000000 0.0000000000
-0.1752130621 0.0000000000 0.9845305393 -0.0812639450
frame 0029
0.9833649726 0.0000000000 0.1816406637 -0.5743982131
0.0000000000 1.0000000000 0.0000000000 0.0000000000
-0.1816406637 0.0000000000 0.9833649726 -0.0804157498
frame 0030
0.9821551919 0.0000000000 0.1880722708 -0.5947367404
0.0000000000 1.0000000000 0.0000000000 0.0000000000
-0.1880722708 0.0000000000 0.9821551919 -0.0792982321
frame 0031
0.9809011211 0.0000000000 0.1945070453 -0.6150852842
0.0000000000 1.0000000000 0.0000000000 0.0000000000
-0.1945070453 0.0000000000 0.9809011211 -0.0779108027
frame 0032
0.9796027006 0.0000000000 0.2009441437 -0.6354411766
0.0000000000 1.0000000000 0.0000000000 0.0000000000
-0.2009441437 0.0000000000 0.9796027006 -0.0762529412
frame 0033
0.9782598881 0.0000000000 0.2073827172 -0.6558017336
0.0000000000 1.0000000000 0.0000000000 0.0000000000
-0.2073827172 0.0000000000 0.9782598881 -0.0743241965
frame 0034
0.9768726579 0.0000000000 0.2138219123 -0.6761642564
0.0000000000 1.0000000000 0.0000000000 0.0000000000
-0.2138219123 0.0000000000 0.9768726579 -0.0721241873
frame 0035
0.9754410021 0.0000000000 0.2202608714 -0.6965260331
0.0000000000 1.0000000000 0.0000000000 0.0000000000
-0.2202608714 0.0000000000 0.9754410021 -0.0696526033
frame 0036
0.9739649296 0.0000000000 0.2266987336 -0.7168843409
0.0000000000 1.0000000000 0.0000000000 0.0000000000
-0.2266987336 0.0000000000 0.9739649296 -0.0669092052
frame 0037
0.9724444674 0.0000000000 0.2331346347 -0.7372364472
0.0000000000 1.0000000000 0.0000000000 0.0000000000
-0.2331346347 0.0000000000 0.9724444674 -0.0638938254
frame 0038
0.9708796595 0.0000000000 0.2395677082 -0.7575796117
0.0000000000 1.0000000000 0.0000000000 0.0000000000
-0.2395677082 0.0000000000 0.9708796595 -0.0606063689
frame 0039
0.9692705679 0.0000000000 0.2459970856 -0.7779110882
0.0000000000 1.0000000000 0.0000000000 0.0000000000
-0.2459970856 0.0000000000 0.9692705679 -0.0570468131
frame 0040
0.9676172724 0.0000000000 0.2524218971 -0.7982281263
0.0000000000 1.0000000000 0.0000000000 0.0000000000
-0.2524218971 0.0000000000 0.9676172724 -0.0532152084
frame 0041
0.9659198702 0.0000000000 0.2588412724 -0.8185279733
0.0000000000 1.0000000000 0.0000000000 0.0000000000
-0.2588412724 0.0000000000 0.9659198702 -0.0491116784
frame 0042
0.9641784766 0.0000000000 0.2652543407 -0.8388078759
0.0000000000 1.0000000000 0.0000000000 0.0000000000
-0.2652543407 0.0000000000 0.9641784766 -0.0447364200
frame 0043
0.9623932244 0.0000000000 0.2716602318 -0.8590650823
0.0000000000 1.0000000000 0.0000000000 0.0000000000
-0.2716602318 0.0000000000 0.9623932244 -0.0400897038
frame 0044
0.9605642644 0.0000000000 0.2780580765 -0.8792968437
0.0000000000 1.0000000000 0.0000000000 0.0000000000
-0.2780580765 0.0000000000 0.9605642644 -0.0351718737
frame 0045
0.9586917649 0.0000000000 0.2844470072 -0.8995004163
0.0000000000 1.0000000000 0.0000000000 0.0000000000
-0.2844470072 0.0000000000 0.9586917649 -0.0299833472
frame 0046
0.9567759119 0.0000000000 0.2908261583 -0.9196730632
0.0000000000 1.0000000000 0.0000000000 0.0000000000
-0.2908261583 0.0000000000 0.9567759119 -0.0245246150
frame 0047
0.9548169091 0.0000000000 0.2971946671 -0.9398120564
0.0000000000 1.0000000000 0.0000000000 0.0000000000
-0.2971946671 0.0000000000 0.9548169091 -0.0187962411
frame 0048
0.9528149774 0.0000000000 0.3035516742 -0.9599146780
0.0000000000 1.0000000000 0.0000000000 0.0000000000
-0.3035516742 0.0000000000 0.9528149774 -0.0127988624
frame 0049
0.9507703552 0.0000000000 0.3098963242 -0.9799782229
0.0000000000 1.0000000000 0.0000000000 0.0000000000
-0.3098963242 0.0000000000 0.9507703552 -0.0065331882
frame 0050
0.9486832981 0.0000000000 0.3162277660 -1.0000000000
0.0000000000 1.0000000000 0.0000000000 0.0000000000
-0.3162277660 0.0000000000 0.9486832981 0.0000000000
frame 0051
0.9465540786 0.0000000000 0.3225451537 -1.0199773341
0.0000000000 1.0000000000 0.0000000000 0.0000000000
-0.3225451537 0.0000000000 0.9465540786 0.0067998489
frame 0052
0.9443829864 0.0000000000 0.3288476471 -1.0399075679
0.0000000000 1.0000000000 0.0000000000 0.0000000000
-0.3288476471 0.0000000000 0.9443829864 0.0138654342
frame 0053
0.9421703275 0.0000000000 0.3351344118 -1.0597880636
0.0000000000 1.0000000000 0.0000000000 0.0000000000
-0.3351344118 0.0000000000 0.9421703275 0.0211957613
frame 0054
0.9399164245 0.0000000000 0.3414046206 -1.0796162047
0.0000000000 1.0000000000 0.0000000000 0.0000000000
-0.3414046206 0.0000000000 0.9399164245 0.0287897655
frame 0055
0.9376216162 0.0000000000 0.3476574532 -1.0993893977
0.0000000000 1.0000000000 0.0000000000 0.0000000000
-0.3476574532 0.0000000000 0.9376216162 0.0366463133
frame 0056
0.9352862575 0.0000000000 0.3538920974 -1.1191050738
0.0000000000 1.0000000000 0.0000000000 0.0000000000
-0.3538920974 0.0000000000 0.9352862575 0.0447642030
frame 0057
0.9329107187 0.0000000000 0.3601077492 -1.1387606905
0.0000000000 1.0000000000 0.0000000000 0.0000000000
-0.3601077492 0.0000000000 0.9329107187 0.0531421656
frame 0058
0.9304953857 0.0000000000 0.3663036134 -1.1583537334
0.0000000000 1.0000000000 0.0000000000 0.0000000000
-0.3663036134 0.0000000000 0.9304953857 0.0617788658
frame 0059
0.9280406596 0.0000000000 0.3724789042 -1.1778817176
0.0000000000 1.0000000000 0.0000000000 0.0000000000
-0.3724789042 0.0000000000 0.9280406596 0.0706729031
frame 0060
0.9255469562 0.0000000000 0.3786328457 -1.1973421894
0.0000000000 1.0000000000 0.0000000000 0.0000000000
-0.3786328457 0.0000000000 0.9255469562 0.0798228126
frame 0061
0.9230147057 0.0000000000 0.3847646723 -1.2167327277
0.0000000000 1.0000000000 0.0000000000 0.0000000000
-0.3847646723 0.0000000000 0.9230147057 0.0892270667
frame 0062
0.9204443525 0.0000000000 0.3908736291 -1.2360509454
0.0000000000 1.0000000000 0.0000000000 0.0000000000
-0.3908736291 0.0000000000 0.9204443525 0.0988840756
frame 0063
0.9178363547 0.0000000000 0.3969589726 -1.2552944912
0.0000000000 1.0000000000 0.0000000000 0.0000000000
-0.3969589726 0.0000000000 0.9178363547 0.1087921892
frame 0064
0.9151911839 0.0000000000 0.4030199709 -1.2744610505
0.0000000000 1.0000000000 0.0000000000 0.0000000000
-0.4030199709 0.0000000000 0.9151911839 0.1189496981
frame 0065
0.9125093245 0.0000000000 0.4090559041 -1.2935483473
0.0000000000 1.0000000000 0.0000000000 0.0000000000
-0.4090559041 0.0000000000 0.9125093245 0.1293548347
frame 0066
0.9097912737 0.0000000000 0.4150660650 -1.3125541447
0.0000000000 1.0000000000 0.0000000000 0.0000000000
-0.4150660650 0.0000000000 0.9097912737 0.1400057754
frame 0067
0.9070375408 0.0000000000 0.4210497591 -1.3314762470
0.0000000000 1.0000000000 0.0000000000 0.0000000000
-0.4210497591 0.0000000000 0.9070375408 0.1509006413
frame 0068
0.9042486467 0.0000000000 0.4270063054 -1.3503125003
0.0000000000 1.0000000000 0.0000000000 0.0000000000
-0.4270063054 0.0000000000 0.9042486467 0.1620375000
frame 0069
0.9014251241 0.0000000000 0.4329350364 -1.3690607938
0.0000000000 1.0000000000 0.0000000000 0.0000000000
-0.4329350364 0.0000000000 0.9014251241 0.1734143672
frame 0070
0.8985675160 0.0000000000 0.4388352985 -1.3877190610
0.0000000000 1.0000000000 0.0000000000 0.0000000000
-0.4388352985 0.0000000000 0.8985675160 0.1850292081
frame 0071
0.8956763763 0.0000000000 0.4447064526 -1.4062852803
0.0000000000 1.0000000000 0.0000000000 0.0000000000
-0.4447064526 0.0000000000 0.8956763763 0.1968799392
frame 0072
0.8927522687 0.0000000000 0.4505478739 -1.4247574766
0.0000000000 1.0000000000 0.0000000000 0.0000000000
-0.4505478739 0.0000000000 0.8927522687 0.2089644299
frame 0073
0.8897957665 0.0000000000 0.4563589529 -1.4431337216
0.0000000000 1.0000000000 0.0000000000 0.0000000000
-0.4563589529 0.0000000000 0.8897957665 0.2212805040
frame 0074
0.8868074521 0.0000000000 0.4621390948 -1.4614121352
0.0000000000 1.0000000000 0.0000000000 0.0000000000
-0.4621390948 0.0000000000 0.8868074521 0.2338259416
frame 0075
0.8837879163 0.0000000000 0.4678877204 -1.4795908857
0.0000000000 1.0000000000 0.0000000000 0.0000000000
-0.4678877204 0.0000000000 0.8837879163 0.2465984810
frame 0076
0.8807377583 0.0000000000 0.4736042663 -1.4976681910
0.0000000000 1.0000000000 0.0000000000 0.0000000000
-0.4736042663 0.0000000000 0.8807377583 0.2595958198
frame 0077
0.8776575848 0.0000000000 0.4792881846 -1.5156423189
0.0000000000 1.0000000000 0.0000000000 0.0000000000
-0.4792881846 0.0000000000 0.8776575848 0.2728156174
frame 0078
0.8745480095 0.0000000000 0.4849389437 -1.5335115881
0.0000000000 1.0000000000 0.0000000000 0.0000000000
-0.4849389437 0.0000000000 0.8745480095 0.2862554964
frame 0079
0.8714096530 0.0000000000 0.4905560280 -1.5512743683
0.0000000000 1.0000000000 0.0000000000 0.0000000000
-0.4905560280 0.0000000000 0.8714096530 0.2999130445
frame 0080
0.8682431421 0.0000000000 0.4961389384 -1.5689290811
0.0000000000 1.0000000000 0.0000000000 0.0000000000
-0.4961389384 0.0000000000 0.8682431421 0.3137858162
frame 0081
0.8650491091 0.0000000000 0.5016871922 -1.5864742002
0.0000000000 1.0000000000 0.0000000000 0.0000000000
-0.5016871922 0.0000000000 0.8650491091 0.3278713347
frame 0082
0.8618281917 0.0000000000 0.5072003233 -1.6039082517
0.0000000000 1.0000000000 0.0000000000 0.0000000000
-0.5072003233 0.0000000000 0.8618281917 0.3421670937
frame 0083
0.8585810322 0.0000000000 0.5126778825 -1.6212298147
0.0000000000 1.0000000000 0.0000000000 0.0000000000
-0.5126778825 0.0000000000 0.8585810322 0.3566705592
frame 0084
0.8553082771 0.0000000000 0.5181194371 -1.6384375212
0.0000000000 1.0000000000 0.0000000000 0.0000000000
-0.5181194371 0.0000000000 0.8553082771 0.3713791715
frame 0085
0.8520105769 0.0000000000 0.5235245714 -1.6555300566
0.0000000000 1.0000000000 0.0000000000 0.0000000000
-0.5235245714 0.0000000000 0.8520105769 0.3862903465
frame 0086
0.8486885852 0.0000000000 0.5288928864 -1.6725061594
0.0000000000 1.0000000000 0.0000000000 0.0000000000
-0.5288928864 0.0000000000 0.8486885852 0.4014014783
frame 0087
0.8453429585 0.0000000000 0.5342240004 -1.6893646219
0.0000000000 1.0000000000 0.0000000000 0.0000000000
-0.5342240004 0.0000000000 0.8453429585 0.4167099401
frame 0088
0.8419743555 0.0000000000 0.5395175482 -1.7061042898
0.0000000000 1.0000000000 0.0000000000 0.0000000000
-0.5395175482 0.0000000000 0.8419743555 0.4322130867
frame 0089
0.8385834369 0.0000000000 0.5447731816 -1.7227240621
0.0000000000 1.0000000000 0.0000000000 0.0000000000
-0.5447731816 0.0000000000 0.8385834369 0.4479082561
frame 0090
0.8351708648 0.0000000000 0.5499905695 -1.7392228913
0.0000000000 1.0000000000 0.0000000000 0.0000000000
-0.5499905695 0.0000000000 0.8351708648 0.4637927710
frame 0091
0.8317373024 0.0000000000 0.5551693974 -1.7555997831
0.0000000000 1.0000000000 0.0000000000 0.0000000000
-0.5551693974 0.0000000000 0.8317373024 0.4798639407
frame 0092
0.8282834131 0.0000000000 0.5603093677 -1.7718537963
0.0000000000 1.0000000000 0.0000000000 0.0000000000
-0.5603093677 0.0000000000 0.8282834131 0.4961190630
frame 0093
0.8248098608 0.0000000000 0.5654101994 -1.7879840424
0.0000000000 1.0000000000 0.0000000000 0.0000000000
-0.5654101994 0.0000000000 0.8248098608 0.5125554255
frame 0094
0.8213173086 0.0000000000 0.5704716282 -1.8039896855
0.0000000000 1.0000000000 0.0000000000 0.0000000000
-0.5704716282 0.0000000000 0.8213173086 0.5291703077
frame 0095
0.8178064193 0.0000000000 0.5754934062 -1.8198699419
0.0000000000 1.0000000000 0.0000000000 0.0000000000
-0.5754934062 0.0000000000 0.8178064193 0.5459609826
frame 0096
0.8142778542 0.0000000000 0.5804753020 -1.8356240797
0.0000000000 1.0000000000 0.0000000000 0.0000000000
-0.5804753020 0.0000000000 0.8142778542 0.5629247178
frame 0097
0.8107322731 0.0000000000 0.5854171004 -1.8512514185
0.0000000000 1.0000000000 0.0000000000 0.0000000000
-0.5854171004 0.0000000000 0.8107322731 0.5800587778
frame 0098
0.8071703338 0.0000000000 0.5903186023 -1.8667513285
0.0000000000 1.0000000000 0.0000000000 0.0000000000
-0.5903186023 0.0000000000 0.8071703338 0.5973604251
frame 0099
0.8035926919 0.0000000000 0.5951796246 -1.8821232308
0.0000000000 1.0000000000 0.0000000000 0.0000000000
-0.5951796246 0.0000000000 0.8035926919 0.6148269221
frame 0100
0.8000000000 0.0000000000 0.6000000000 -1.8973665961
0.0000000000 1.0000000000 0.0000000000 0.0000000000
-0.6000000000 0.0000000000 0.8000000000 0.6324555320
frame 0101
0.8035926919 0.0000000000 0.5951796246 -1.8821232308
0.0000000000 1.0000000000 0.0000000000 0.0000000000
-0.5951796246 0.0000000000 0.8035926919 0.6148269221
frame 0102
0.8071703338 0.0000000000 0.5903186023 -1.8667513285
0.0000000000 1.0000000000 0.0000000000 0.0000000000
-0.5903186023 0.0000000000 0.8071703338 0.5973604251
frame 0103
0.8107322731 0.0000000000 0.5854171004 -1.8512514185
0.0000000000 1.0000000000 0.0000000000 0.0000000000
-0.5854171004 0.0000000000 0.8107322731 0.5800587778
frame 0104
0.8142778542 0.0000000000 0.5804753020 -1.8356240797
0.0000000000 1.0000000000 0.0000000000 0.0000000000
-0.5804753020 0.0000000000 0.8142778542 0.5629247178
frame 0105
0.8178064193 0.0000000000 0.5754934062 -1.8198699419
0.0000000000 1.0000000000 0.0000000000 0.0000000000
-0.5754934062 0.0000000000 0.8178064193 0.5459609826
frame 0106
0.8213173086 0.0000000000 0.5704716282 -1.8039896855
0.0000000000 1.0000000000 0.0000000000 0.0000000000
-0.5704716282 0.0000000000 0.8213173086 0.5291703077
frame 0107
0.8248098608 0.0000000000 0.5654101994 -1.7879840424
0.0000000000 1.0000000000 0.0000000000 0.0000000000
-0.5654101994 0.0000000000 0.8248098608 0.5125554255
frame 0108
0.8282834131 0.0000000000 0.5603093677 -1.7718537963
0.0000000000 1.0000000000 0.0000000000 0.0000000000
-0.5603093677 0.0000000000 0.8282834131 0.4961190630
frame 0109
0.8317373024 0.0000000000 0.5551693974 -1.7555997831
0.0000000000 1.0000000000 0.0000000000 0.0000000000
-0.5551693974 0.0000000000 0.8317373024 0.4798639407
frame 0110
0.8351708648 0.0000000000 0.5499905695 -1.7392228913
0.0000000000 1.0000000000 0.0000000000 0.0000000000
-0.5499905695 0.0000000000 0.8351708648 0.4637927710
frame 0111
0.8385834369 0.0000000000 0.5447731816 -1.7227240621
0.0000000000 1.0000000000 0.0000000000 0.0000000000
-0.5447731816 0.0000000000 0.8385834369 0.4479082561
frame 0112
0.8419743555 0.0000000000 0.5395175482 -1.7061042898
0.0000000000 1.0000000000 0.0000000000 0.0000000000
-0.5395175482 0.0000000000 0.8419743555 0.4322130867
frame 0113
0.8453429585 0.0000000000 0.5342240004 -1.6893646219
0.0000000000 1.0000000000 0.0000000000 0.0000000000
-0.5342240004 0.0000000000 0.8453429585 0.4167099401
frame 0114
0.8486885852 0.0000000000 0.5288928864 -1.6725061594
0.0000000000 1.0000000000 0.0000000000 0.0000000000
-0.5288928864 0.0000000000 0.8486885852 0.4014014783
frame 0115
0.8520105769 0.0000000000 0.5235245714 -1.6555300566
0.0000000000 1.0000000000 0.0000000000 0.0000000000
-0.5235245714 0.0000000000 0.8520105769 0.3862903465
frame 0116
0.8553082771 0.0000000000 0.5181194371 -1.6384375212
0.0000000000 1.0000000000 0.0000000000 0.0000000000
-0.5181194371 0.0000000000 0.8553082771 0.3713791715
frame 0117
0.8585810322 0.0000000000 0.5126778825 -1.6212298147
0.0000000000 1.0000000000 0.0000000000 0.0000000000
-0.5126778825 0.0000000000 0.8585810322 0.3566705592
frame 0118
0.8618281917 0.0000000000 0.5072003233 -1.6039082517
0.0000000000 1.0000000000 0.0000000000 0.0000000000
-0.5072003233 0.0000000000 0.8618281917 0.3421670937
frame 0119
0.8650491091 0.0000000000 0.5016871922 -1.5864742002
0.0000000000 1.0000000000 0.0000000000 0.0000000000
-0.5016871922 0.0000000000 0.8650491091 0.3278713347
frame 0120
0.8682431421 0.0000000000 0.4961389384 -1.5689290811
0.0000000000 1.0000000000 0.0000000000 0.0000000000
-0.4961389384 0.0000000000 0.8682431421 0.3137858162
frame 0121
0.8714096530 0.0000000000 0.4905560280 -1.5512743683
0.0000000000 1.0000000000 0.0000000000 0.0000000000
-0.4905560280 0.0000000000 0.8714096530 0.2999130445
frame 0122
0.8745480095 0.0000000000 0.4849389437 -1.5335115881
0.0000000000 1.0000000000 0.0000000000 0.0000000000
-0.4849389437 0.0000000000 0.8745480095 0.2862554964
frame 0123
0.8776575848 0.0000000000 0.4792881846 -1.5156423189
0.0000000000 1.0000000000 0.0000000000 0.0000000000
-0.4792881846 0.0000000000 0.8776575848 0.2728156174
frame 0124
0.8807377583 0.0000000000 0.4736042663 -1.4976681910
0.0000000000 1.0000000000 0.0000000000 0.0000000000
-0.4736042663 0.0000000000 0.8807377583 0.2595958198
frame 0125
0.8837879163 0.0000000000 0.4678877204 -1.4795908857
0.0000000000 1.0000000000 0.0000000000 0.0000000000
-0.4678877204 0.0000000000 0.8837879163 0.2465984810
frame 0126
0.8868074521 0.0000000000 0.4621390948 -1.4614121352
0.0000000000 1.0000000000 0.0000000000 0.0000000000
-0.4621390948 0.0000000000 0.8868074521 0.2338259416
frame 0127
0.8897957665 0.0000000000 0.4563589529 -1.4431337216
0.0000000000 1.0000000000 0.0000000000 0.0000000000
-0.4563589529 0.0000000000 0.8897957665 0.2212805040
frame 0128
0.8927522687 0.0000000000 0.4505478739 -1.4247574766
0.0000000000 1.0000000000 0.0000000000 0.0000000000
-0.4505478739 0.0000000000 0.8927522687 0.2089644299
frame 0129
0.8956763763 0.0000000000 0.4447064526 -1.4062852803
0.0000000000 1.0000000000 0.0000000000 0.0000000000
-0.4447064526 0.0000000000 0.8956763763 0.1968799392
frame 0130
0.8985675160 0.0000000000 0.4388352985 -1.3877190610
0.0000000000 1.0000000000 0.0000000000 0.0000000000
-0.4388352985 0.0000000000 0.8985675160 0.1850292081
frame 0131
0.9014251241 0.0000000000 0.4329350364 -1.3690607938
0.0000000000 1.0000000000 0.0000000000 0.0000000000
-0.4329350364 0.0000000000 0.9014251241 0.1734143672
frame 0132
0.9042486467 0.0000000000 0.4270063054 -1.3503125003
0.0000000000 1.0000000000 0.0000000000 0.0000000000
-0.4270063054 0.0000000000 0.9042486467 0.1620375000
frame 0133
0.9070375408 0.0000000000 0.4210497591 -1.3314762470
0.0000000000 1.0000000000 0.0000000000 0.0000000000
-0.4210497591 0.0000000000 0.9070375408 0.1509006413
frame 0134
0.9097912737 0.0000000000 0.4150660650 -1.3125541447
0.0000000000 1.0000000000 0.0000000000 0.0000000000
-0.4150660650 0.0000000000 0.9097912737 0.1400057754
frame 0135
0.9125093245 0.0000000000 0.4090559041 -1.2935483473
0.0000000000 1.0000000000 0.0000000000 0.0000000000
-0.4090559041 0.0000000000 0.9125093245 0.1293548347
frame 0136
0.9151911839 0.0000000000 0.4030199709 -1.2744610505
0.0000000000 1.0000000000 0.0000000000 0.0000000000
-0.4030199709 0.0000000000 0.9151911839 0.1189496981
frame 0137
0.9178363547 0.0000000000 0.3969589726 -1.2552944912
0.0000000000 1.0000000000 0.0000000000 0.0000000000
-0.3969589726 0.0000000000 0.9178363547 0.1087921892
frame 0138
0.9204443525 0.0000000000 0.3908736291 -1.2360509454
0.0000000000 1.0000000000 0.0000000000 0.0000000000
-0.3908736291 0.0000000000 0.9204443525 0.0988840756
frame 0139
0.9230147057 0.0000000000 0.3847646723 -1.2167327277
0.0000000000 1.0000000000 0.0000000000 0.0000000000
-0.3847646723 0.0000000000 0.9230147057 0.0892270667
frame 0140
0.9255469562 0.0000000000 0.3786328457 -1.1973421894
0.0000000000 1.0000000000 0.0000000000 0.0000000000
-0.3786328457 0.0000000000 0.9255469562 0.0798228126
frame 0141
0.9280406596 0.0000000000 0.3724789042 -1.1778817176
0.0000000000 1.0000000000 0.0000000000 0.0000000000
-0.3724789042 0.0000000000 0.9280406596 0.0706729031
frame 0142
0.9304953857 0.0000000000 0.3663036134 -1.1583537334
0.0000000000 1.0000000000 0.0000000000 0.0000000000
-0.3663036134 0.0000000000 0.9304953857 0.0617788658
frame 0143
0.9329107187 0.0000000000 0.3601077492 -1.1387606905
0.0000000000 1.0000000000 0.0000000000 0.0000000000
-0.3601077492 0.0000000000 0.9329107187 0.0531421656
frame 0144
0.9352862575 0.0000000000 0.3538920974 -1.1191050738
0.0000000000 1.0000000000 0.0000000000 0.0000000000
-0.3538920974 0.0000000000 0.9352862575 0.0447642030
frame 0145
0.9376216162 0.0000000000 0.3476574532 -1.0993893977
0.0000000000 1.0000000000 0.0000000000 0.0000000000
-0.3476574532 0.0000000000 0.9376216162 0.0366463133
frame 0146
0.9399164245 0.0000000000 0.3414046206 -1.0796162047
0.0000000000 1.0000000000 0.0000000000 0.0000000000
-0.3414046206 0.0000000000 0.9399164245 0.0287897655
frame 0147
0.9421703275 0.0000000000 0.3351344118 -1.0597880636
0.0000000000 1.0000000000 0.0000000000 0.0000000000
-0.3351344118 0.0000000000 0.9421703275 0.0211957613
frame 0148
0.9443829864 0.0000000000 0.3288476471 -1.0399075679
0.0000000000 1.0000000000 0.0000000000 0.0000000000
-0.3288476471 0.0000000000 0.9443829864 0.0138654342
frame 0149
0.9465540786 0.0000000000 0.3225451537 -1.0199773341
0.0000000000 1.0000000000 0.0000000000 0.0000000000
-0.3225451537 0.0000000000 0.9465540786 0.0067998489
frame 0150
0.9486832981 0.0000000000 0.3162277660 -1.0000000000
0.0000000000 1.0000000000 0.0000000000 0.0000000000
-0.3162277660 0.0000000000 0.9486832981 0.0000000000
frame 0151
0.9486832981 0.0000000000 0.3162277660 -1.0000000000
0.0000000000 1.0000000000 0.0000000000 0.0000000000
-0.3162277660 0.0000000000 0.9486832981 -0.0200000000
frame 0152
0.9486832981 0.0000000000 0.3162277660 -1.0000000000
0.0000000000 1.0000000000 0.0000000000 0.0000000000
-0.3162277660 0.0000000000 0.9486832981 -0.0400000000
frame 0153
0.9486832981 0.0000000000 0.3162277660 -1.0000000000
0.0000000000 1.0000000000 0.0000000000 0.0000000000
-0.3162277660 0.0000000000 0.9486832981 -0.0600000000
frame 0154
0.9486832981 0.0000000000 0.3162277660 -1.0000000000
0.0000000000 1.0000000000 0.0000000000 0.0000000000
-0.3162277660 0.0000000000 0.9486832981 -0.0800000000
frame 0155
0.9486832981 0.0000000000 0.3162277660 -1.0000000000
0.0000000000 1.0000000000 0.0000000000 0.0000000000
-0.3162277660 0.0000000000 0.9486832981 -0.1000000000
frame 0156
0.9486832981 0.0000000000 0.3162277660 -1.0000000000
0.0000000000 1.0000000000 0.0000000000 0.0000000000
-0.3162277660 0.0000000000 0.9486832981 -0.1200000000
frame 0157
0.9486832981 0.0000000000 0.3162277660 -1.0000000000
0.0000000000 1.0000000000 0.0000000000 0.0000000000
-0.3162277660 0.0000000000 0.9486832981 -0.1400000000
frame 0158
0.9486832981 0.0000000000 0.3162277660 -1.0000000000
0.0000000000 1.0000000000 0.0000000000 0.0000000000
-0.3162277660 0.0000000000 0.9486832981 -0.1600000000
frame 0159
0.9486832981 0.0000000000 0.3162277660 -1.0000000000
0.0000000000 1.0000000000 0.0000000000 0.0000000000
-0.3162277660 0.0000000000 0.9486832981 -0.1800000000
frame 0160
0.9486832981 0.0000000000 0.3162277660 -1.0000000000
0.0000000000 1.0000000000 0.0000000000 0.0000000000
-0.3162277660 0.0000000000 0.9486832981 -0.2000000000
frame 0161
0.9486832981 0.0000000000 0.3162277660 -1.0000000000
0.0000000000 1.0000000000 0.0000000000 0.0000000000
-0.3162277660 0.0000000000 0.9486832981 -0.2200000000
frame 0162
0.9486832981 0.0000000000 0.3162277660 -1.0000000000
0.0000000000 1.0000000000 0.0000000000 0.0000000000
-0.3162277660 0.0000000000 0.9486832981 -0.2400000000
frame 0163
0.9486832981 0.0000000000 0.3162277660 -1.0000000000
0.0000000000 1.0000000000 0.0000000000 0.0000000000
-0.3162277660 0.0000000000 0.9486832981 -0.2600000000
frame 0164
0.9486832981 0.0000000000 0.3162277660 -1.0000000000
0.0000000000 1.0000000000 0.0000000000 0.0000000000
-0.3162277660 0.0000000000 0.9486832981 -0.2800000000
frame 0165
0.9486832981 0.0000000000 0.3162277660 -1.0000000000
0.0000000000 1.0000000000 0.0000000000 0.0000000000
-0.3162277660 0.0000000000 0.9486832981 -0.3000000000
frame 0166
0.9486832981 0.0000000000 0.3162277660 -1.0000000000
0.0000000000 1.0000000000 0.0000000000 0.0000000000
-0.3162277660 0.0000000000 0.9486832981 -0.3200000000
frame 0167
0.9486832981 0.0000000000 0.3162277660 -1.0000000000
0.0000000000 1.0000000000 0.0000000000 0.0000000000
-0.3162277660 0.0000000000 0.9486832981 -0.3400000000
frame 0168
0.9486832981 0.0000000000 0.3162277660 -1.0000000000
0.0000000000 1.0000000000 0.0000000000 0.0000000000
-0.3162277660 0.0000000000 0.9486832981 -0.3600000000
frame 0169
0.9486832981 0.0000000000 0.3162277660 -1.0000000000
0.0000000000 1.0000000000 0.0000000000 0.0000000000
-0.3162277660 0.0000000000 0.9486832981 -0.3800000000
frame 0170
0.9486832981 0.0000000000 0.3162277660 -1.0000000000
0.0000000000 1.0000000000 0.0000000000 0.0000000000
-0.3162277660 0.0000000000 0.9486832981 -0.4000000000
frame 0171
0.9486832981 0.0000000000 0.3162277660 -1.0000000000
0.0000000000 1.0000000000 0.0000000000 0.0000000000
-0.3162277660 0.0000000000 0.9486832981 -0.4200000000
frame 0172
0.9486832981 0.0000000000 0.3162277660 -1.0000000000
0.0000000000 1.0000000000 0.0000000000 0.0000000000
-0.3162277660 0.0000000000 0.9486832981 -0.4400000000
frame 0173
0.9486832981 0.0000000000 0.3162277660 -1.0000000000
0.0000000000 1.0000000000 0.0000000000 0.0000000000
-0.3162277660 0.0000000000 0.9486832981 -0.4600000000
frame 0174
0.9486832981 0.0000000000 0.3162277660 -1.0000000000
0.0000000000 1.0000000000 0.0000000000 0.0000000000
-0.3162277660 0.0000000000 0.9486832981 -0.4800000000
frame 0175
0.9486832981 0.0000000000 0.3162277660 -1.0000000000
0.0000000000 1.0000000000 0.0000000000 0.0000000000
-0.3162277660 0.0000000000 0.9486832981 -0.5000000000
frame 0176
0.9486832981 0.0000000000 0.3162277660 -1.0000000000
0.0000000000 1.0000000000 0.0000000000 0.0000000000
-0.3162277660 0.0000000000 0.9486832981 -0.5200000000
frame 0177
0.9486832981 0.0000000000 0.3162277660 -1.0000000000
0.0000000000 1.0000000000 0.0000000000 0.0000000000
-0.3162277660 0.0000000000 0.9486832981 -0.5400000000
frame 0178
0.9486832981 0.0000000000 0.3162277660 -1.0000000000
0.0000000000 1.0000000000 0.0000000000 0.0000000000
-0.3162277660 0.0000000000 0.9486832981 -0.5600000000
frame 0179
0.9486832981 0.0000000000 0.3162277660 -1.0000000000
0.0000000000 1.0000000000 0.0000000000 0.0000000000
-0.3162277660 0.0000000000 0.9486832981 -0.5800000000
frame 0180
0.9486832981 0.0000000000 0.3162277660 -1.0000000000
0.0000000000 1.0000000000 0.0000000000 0.0000000000
-0.3162277660 0.0000000000 0.9486832981 -0.6000000000
frame 0181
0.9486832981 0.0000000000 0.3162277660 -1.0000000000
0.0000000000 1.0000000000 0.0000000000 0.0000000000
-0.3162277660 0.0000000000 0.9486832981 -0.6200000000
frame 0182
0.9486832981 0.0000000000 0.3162277660 -1.0000000000
0.0000000000 1.0000000000 0.0000000000 0.0000000000
-0.3162277660 0.0000000000 0.9486832981 -0.6400000000
frame 0183
0.9486832981 0.0000000000 0.3162277660 -1.0000000000
0.0000000000 1.0000000000 0.0000000000 0.0000000000
-0.3162277660 0.0000000000 0.9486832981 -0.6600000000
frame 0184
0.9486832981 0.0000000000 0.3162277660 -1.0000000000
0.0000000000 1.0000000000 0.0000000000 0.0000000000
-0.3162277660 0.0000000000 0.9486832981 -0.6800000000
frame 0185
0.9486832981 0.0000000000 0.3162277660 -1.0000000000
0.0000000000 1.0000000000 0.0000000000 0.0000000000
-0.3162277660 0.0000000000 0.9486832981 -0.7000000000
frame 0186
0.9486832981 0.0000000000 0.3162277660 -1.0000000000
0.0000000000 1.0000000000 0.0000000000 0.0000000000
-0.3162277660 0.0000000000 0.9486832981 -0.7200000000
frame 0187
0.9486832981 0.0000000000 0.3162277660 -1.0000000000
0.0000000000 1.0000000000 0.0000000000 0.0000000000
-0.3162277660 0.0000000000 0.9486832981 -0.7400000000
frame 0188
0.9486832981 0.0000000000 0.3162277660 -1.0000000000
0.0000000000 1.0000000000 0.0000000000 0.0000000000
-0.3162277660 0.0000000000 0.9486832981 -0.7600000000
frame 0189
0.9486832981 0.0000000000 0.3162277660 -1.0000000000
0.0000000000 1.0000000000 0.0000000000 0.0000000000
-0.3162277660 0.0000000000 0.9486832981 -0.7800000000
frame 0190
0.9486832981 0.0000000000 0.3162277660 -1.0000000000
0.0000000000 1.0000000000 0.0000000000 0.0000000000
-0.3162277660 0.0000000000 0.9486832981 -0.8000000000
frame 0191
0.9486832981 0.0000000000 0.3162277660 -1.0000000000
0.0000000000 1.0000000000 0.0000000000 0.0000000000
-0.3162277660 0.0000000000 0.9486832981 -0.8200000000
frame 0192
0.9486832981 0.0000000000 0.3162277660 -1.0000000000
0.0000000000 1.0000000000 0.0000000000 0.0000000000
-0.3162277660 0.0000000000 0.9486832981 -0.8400000000
frame 0193
0.9486832981 0.0000000000 0.3162277660 -1.0000000000
0.0000000000 1.0000000000 0.0000000000 0.0000000000
-0.3162277660 0.0000000000 0.9486832981 -0.8600000000
frame 0194
0.9486832981 0.0000000000 0.3162277660 -1.0000000000
0.0000000000 1.0000000000 0.0000000000 0.0000000000
-0.3162277660 0.0000000000 0.9486832981 -0.8800000000
frame 0195
0.9486832981 0.0000000000 0.3162277660 -1.0000000000
0.0000000000 1.0000000000 0.0000000000 0.0000000000
-0.3162277660 0.0000000000 0.9486832981 -0.9000000000
frame 0196
0.9486832981 0.0000000000 0.3162277660 -1.0000000000
0.0000000000 1.0000000000 0.0000000000 0.0000000000
-0.3162277660 0.0000000000 0.9486832981 -0.9200000000
frame 0197
0.9486832981 0.0000000000 0.3162277660 -1.0000000000
0.0000000000 1.0000000000 0.0000000000 0.0000000000
-0.3162277660 0.0000000000 0.9486832981 -0.9400000000
frame 0198
0.9486832981 0.0000000000 0.3162277660 -1.0000000000
0.0000000000 1.0000000000 0.0000000000 0.0000000000
-0.3162277660 0.0000000000 0.9486832981 -0.9600000000
frame 0199
0.9486832981 0.0000000000 0.3162277660 -1.0000000000
0.0000000000 1.0000000000 0.0000000000 0.0000000000
-0.3162277660 0.0000000000 0.9486832981 -0.9800000000
frame 0200
0.9486832981 0.0000000000 0.3162277660 -1.0000000000
0.0000000000 1.0000000000 0.0000000000 0.0000000000
-0.3162277660 0.0000000000 0.9486832981 -1.0000000000
frame 0201
0.9486832981 0.0000000000 0.3162277660 -1.0000000000
0.0000000000 1.0000000000 0.0000000000 0.0000000000
-0.3162277660 0.0000000000 0.9486832981 -0.9795918367
frame 0202
0.9486832981 0.0000000000 0.3162277660 -1.0000000000
0.0000000000 1.0000000000 0.0000000000 0.0000000000
-0.3162277660 0.0000000000 0.9486832981 -0.9591836735
frame 0203
0.9486832981 0.0000000000 0.3162277660 -1.0000000000
0.0000000000 1.0000000000 0.0000000000 0.0000000000
-0.3162277660 0.0000000000 0.9486832981 -0.9387755102
frame 0204
0.9486832981 0.0000000000 0.3162277660 -1.0000000000
0.0000000000 1.0000000000 0.0000000000 0.0000000000
-0.3162277660 0.0000000000 0.9486832981 -0.9183673469
frame 0205
0.9486832981 0.0000000000 0.3162277660 -1.0000000000
0.0000000000 1.0000000000 0.0000000000 0.0000000000
-0.3162277660 0.0000000000 0.9486832981 -0.8979591837
frame 0206
0.9486832981 0.0000000000 0.3162277660 -1.0000000000
0.0000000000 1.0000000000 0.0000000000 0.0000000000
-0.3162277660 0.0000000000 0.9486832981 -0.8775510204
frame 0207
0.9486832981 0.0000000000 0.3162277660 -1.0000000000
0.0000000000 1.0000000000 0.0000000000 0.0000000000
-0.3162277660 0.0000000000 0.9486832981 -0.8571428571
frame 0208
0.9486832981 0.0000000000 0.3162277660 -1.0000000000
0.0000000000 1.0000000000 0.0000000000 0.0000000000
-0.3162277660 0.0000000000 0.9486832981 -0.8367346939
frame 0209
0.9486832981 0.0000000000 0.3162277660 -1.0000000000
0.0000000000 1.0000000000 0.0000000000 0.0000000000
-0.3162277660 0.0000000000 0.9486832981 -0.8163265306
frame 0210
0.9486832981 0.0000000000 0.3162277660 -1.0000000000
0.0000000000 1.0000000000 0.0000000000 0.0000000000
-0.3162277660 0.0000000000 0.9486832981 -0.7959183673
frame 0211
0.9486832981 0.0000000000 0.3162277660 -1.0000000000
0.0000000000 1.0000000000 0.0000000000 0.0000000000
-0.3162277660 0.0000000000 0.9486832981 -0.7755102041
frame 0212
0.9486832981 0.0000000000 0.3162277660 -1.0000000000
0.0000000000 1.0000000000 0.0000000000 0.0000000000
-0.3162277660 0.0000000000 0.9486832981 -0.7551020408
frame 0213
0.9486832981 0.0000000000 0.3162277660 -1.0000000000
0.0000000000 1.0000000000 0.0000000000 0.0000000000
-0.3162277660 0.0000000000 0.9486832981 -0.7346938776
frame 0214
0.9486832981 0.0000000000 0.3162277660 -1.0000000000
0.0000000000 1.0000000000 0.0000000000 0.0000000000
-0.3162277660 0.0000000000 0.9486832981 -0.7142857143
frame 0215
0.9486832981 0.0000000000 0.3162277660 -1.0000000000
0.0000000000 1.0000000000 0.0000000000 0.0000000000
-0.3162277660 0.0000000000 0.9486832981 -0.6938775510
frame 0216
0.9486832981 0.0000000000 0.3162277660 -1.0000000000
0.0000000000 1.0000000000 0.0000000000 0.0000000000
-0.3162277660 0.0000000000 0.9486832981 -0.6734693878
frame 0217
0.9486832981 0.0000000000 0.3162277660 -1.0000000000
0.0000000000 1.0000000000 0.0000000000 0.0000000000
-0.3162277660 0.0000000000 0.9486832981 -0.6530612245
frame 0218
0.9486832981 0.0000000000 0.3162277660 -1.0000000000
0.0000000000 1.0000000000 0.0000000000 0.0000000000
-0.3162277660 0.0000000000 0.9486832981 -0.6326530612
frame 0219
0.9486832981 0.0000000000 0.3162277660 -1.0000000000
0.0000000000 1.0000000000 0.0000000000 0.0000000000
-0.3162277660 0.0000000000 0.9486832981 -0.6122448980
frame 0220
0.9486832981 0.0000000000 0.3162277660 -1.0000000000
0.0000000000 1.0000000000 0.0000000000 0.0000000000
-0.3162277660 0.0000000000 0.9486832981 -0.5918367347
frame 0221
0.9486832981 0.0000000000 0.3162277660 -1.0000000000
0.0000000000 1.0000000000 0.0000000000 0.0000000000
-0.3162277660 0.0000000000 0.9486832981 -0.5714285714
frame 0222
0.9486832981 0.0000000000 0.3162277660 -1.0000000000
0.0000000000 1.0000000000 0.0000000000 0.0000000000
-0.3162277660 0.0000000000 0.9486832981 -0.5510204082
frame 0223
0.9486832981 0.0000000000 0.3162277660 -1.0000000000
0.0000000000 1.0000000000 0.0000000000 0.0000000000
-0.3162277660 0.0000000000 0.9486832981 -0.5306122449
frame 0224
0.9486832981 0.0000000000 0.3162277660 -1.0000000000
0.0000000000 1.0000000000 0.0000000000 0.0000000000
-0.3162277660 0.0000000000 0.9486832981 -0.5102040816
frame 0225
0.9486832981 0.0000000000 0.3162277660 -1.0000000000
0.0000000000 1.0000000000 0.0000000000 0.0000000000
-0.3162277660 0.0000000000 0.9486832981 -0.4897959184
frame 0226
0.9486832981 0.0000000000 0.3162277660 -1.0000000000
0.0000000000 1.0000000000 0.0000000000 0.0000000000
-0.3162277660 0.0000000000 0.9486832981 -0.4693877551
frame 0227
0.9486832981 0.0000000000 0.3162277660 -1.0000000000
0.0000000000 1.0000000000 0.0000000000 0.0000000000
-0.3162277660 0.0000000000 0.9486832981 -0.4489795918
frame 0228
0.9486832981 0.0000000000 0.3162277660 -1.0000000000
0.0000000000 1.0000000000 0.0000000000 0.0000000000
-0.3162277660 0.0000000000 0.9486832981 -0.4285714286
frame 0229
0.9486832981 0.0000000000 0.3162277660 -1.0000000000
0.0000000000 1.0000000000 0.0000000000 0.0000000000
-0.3162277660 0.0000000000 0.9486832981 -0.4081632653
frame 0230
0.9486832981 0.0000000000 0.3162277660 -1.0000000000
0.0000000000 1.0000000000 0.0000000000 0.0000000000
-0.3162277660 0.0000000000 0.9486832981 -0.3877551020
frame 0231
0.9486832981 0.0000000000 0.3162277660 -1.0000000000
0.0000000000 1.0000000000 0.0000000000 0.0000000000
-0.3162277660 0.0000000000 0.9486832981 -0.3673469388
frame 0232
0.9486832981 0.0000000000 0.3162277660 -1.0000000000
0.0000000000 1.0000000000 0.0000000000 0.0000000000
-0.3162277660 0.0000000000 0.9486832981 -0.3469387755
frame 0233
0.9486832981 0.0000000000 0.3162277660 -1.0000000000
0.0000000000 1.0000000000 0.0000000000 0.0000000000
-0.3162277660 0.0000000000 0.9486832981 -0.3265306122
frame 0234
0.9486832981 0.0000000000 0.3162277660 -1.0000000000
0.0000000000 1.0000000000 0.0000000000 0.0000000000
-0.3162277660 0.0000000000 0.9486832981 -0.3061224490
frame 0235
0.9486832981 0.0000000000 0.3162277660 -1.0000000000
0.0000000000 1.0000000000 0.0000000000 0.0000000000
-0.3162277660 0.0000000000 0.9486832981 -0.2857142857
frame 0236
0.9486832981 0.0000000000 0.3162277660 -1.0000000000
0.0000000000 1.0000000000 0.0000000000 0.0000000000
-0.3162277660 0.0000000000 0.9486832981 -0.2653061224
frame 0237
0.9486832981 0.0000000000 0.3162277660 -1.0000000000
0.0000000000 1.0000000000 0.0000000000 0.0000000000
-0.3162277660 0.0000000000 0.9486832981 -0.2448979592
frame 0238
0.9486832981 0.0000000000 0.3162277660 -1.0000000000
0.0000000000 1.0000000000 0.0000000000 0.0000000000
-0.3162277660 0.0000000000 0.9486832981 -0.2244897959
frame 0239
0.9486832981 0.0000000000 0.3162277660 -1.0000000000
0.0000000000 1.0000000000 0.0000000000 0.0000000000
-0.3162277660 0.0000000000 0.9486832981 -0.2040816327
frame 0240
0.9486832981 0.0000000000 0.3162277660 -1.0000000000
0.0000000000 1.0000000000 0.0000000000 0.0000000000
-0.3162277660 0.0000000000 0.9486832981 -0.1836734694
frame 0241
0.9486832981 0.0000000000 0.3162277660 -1.0000000000
0.0000000000 1.0000000000 0.0000000000 0.0000000000
-0.3162277660 0.0000000000 0.9486832981 -0.1632653061
frame 0242
0.9486832981 0.0000000000 0.3162277660 -1.0000000000
0.0000000000 1.0000000000 0.0000000000 0.0000000000
-0.3162277660 0.0000000000 0.9486832981 -0.1428571429
frame 0243
0.9486832981 0.0000000000 0.3162277660 -1.0000000000
0.0000000000 1.0000000000 0.0000000000 0.0000000000
-0.3162277660 0.0000000000 0.9486832981 -0.1224489796
frame 0244
0.9486832981 0.0000000000 0.3162277660 -1.0000000000
0.0000000000 1.0000000000 0.0000000000 0.0000000000
-0.3162277660 0.0000000000 0.9486832981 -0.1020408163
frame 0245
0.9486832981 0.0000000000 0.3162277660 -1.0000000000
0.0000000000 1.0000000000 0.0000000000 0.0000000000
-0.3162277660 0.0000000000 0.9486832981 -0.0816326531
frame 0246
0.9486832981 0.0000000000 0.3162277660 -1.0000000000
0.0000000000 1.0000000000 0.0000000000 0.0000000000
-0.3162277660 0.0000000000 0.9486832981 -0.0612244898
frame 0247
0.9486832981 0.0000000000 0.3162277660 -1.0000000000
0.0000000000 1.0000000000 0.0000000000 0.0000000000
-0.3162277660 0.0000000000 0.9486832981 -0.0408163265
frame 0248
0.9486832981 0.0000000000 0.3162277660 -1.0000000000
0.0000000000 1.0000000000 0.0000000000 0.0000000000
-0.3162277660 0.0000000000 0.9486832981 -0.0204081633
frame 0249
0.9486832981 0.0000000000 0.3162277660 -1.0000000000
0.0000000000 1.0000000000 0.0000000000 0.0000000000
-0.3162277660 0.0000000000 0.9486832981 0.0000000000
