# OpenCV camera extrinsics (world-to-camera): X_cam = R * X_world + t
# One frame per block, 3x4 rows: [R | t]
# Total frames: 250
frame 0000  cam_pos=(-1.000000, 0.000000, 3.000000)
0.9486832981 -0.0000000000 0.3162277660 -0.0000000000
0.0000000000 -1.0000000000 -0.0000000000 0.0000000000
0.3162277660 0.0000000000 -0.9486832981 3.1622776602
frame 0001  cam_pos=(-0.980000, 0.000000, 3.000000)
0.9505672883 -0.0000000000 0.3105186475 0.0000000000
0.0000000000 -1.0000000000 -0.0000000000 0.0000000000
0.3105186475 0.0000000000 -0.9505672883 3.1560101394
frame 0002  cam_pos=(-0.960000, 0.000000, 3.000000)
0.9524241472 -0.0000000000 0.3047757271 0.0000000000
0.0000000000 -1.0000000000 -0.0000000000 0.0000000000
0.3047757271 0.0000000000 -0.9524241472 3.1498571396
frame 0003  cam_pos=(-0.940000, 0.000000, 3.000000)
0.9542533085 -0.0000000000 0.2989993700 0.0000000000
0.0000000000 -1.0000000000 -0.0000000000 0.0000000000
0.2989993700 0.0000000000 -0.9542533085 3.1438193332
frame 0004  cam_pos=(-0.920000, 0.000000, 3.000000)
0.9560542082 -0.0000000000 0.2931899572 0.0000000000
0.0000000000 -1.0000000000 -0.0000000000 0.0000000000
0.2931899572 0.0000000000 -0.9560542082 3.1378973852
frame 0005  cam_pos=(-0.900000, 0.000000, 3.000000)
0.9578262852 -0.0000000000 0.2873478856 -0.0000000000
0.0000000000 -1.0000000000 -0.0000000000 0.0000000000
0.2873478856 0.0000000000 -0.9578262852 3.1320919527
frame 0006  cam_pos=(-0.880000, 0.000000, 3.000000)
0.9595689817 -0.0000000000 0.2814735680 -0.0000000000
0.0000000000 -1.0000000000 -0.0000000000 0.0000000000
0.2814735680 0.0000000000 -0.9595689817 3.1264036847
frame 0007  cam_pos=(-0.860000, 0.000000, 3.000000)
0.9612817432 -0.0000000000 0.2755674331 0.0000000000
0.0000000000 -1.0000000000 -0.0000000000 0.0000000000
0.2755674331 0.0000000000 -0.9612817432 3.1208332221
frame 0008  cam_pos=(-0.840000, 0.000000, 3.000000)
0.9629640197 -0.0000000000 0.2696299255 0.0000000000
0.0000000000 -1.0000000000 -0.0000000000 0.0000000000
0.2696299255 0.0000000000 -0.9629640197 3.1153811966
frame 0009  cam_pos=(-0.820000, 0.000000, 3.000000)
0.9646152654 -0.0000000000 0.2636615059 -0.0000000000
0.0000000000 -1.0000000000 -0.0000000000 0.0000000000
0.2636615059 0.0000000000 -0.9646152654 3.1100482311
frame 0010  cam_pos=(-0.800000, 0.000000, 3.000000)
0.9662349396 -0.0000000000 0.2576626506 -0.0000000000
0.0000000000 -1.0000000000 -0.0000000000 0.0000000000
0.2576626506 0.0000000000 -0.9662349396 3.1048349393
frame 0011  cam_pos=(-0.780000, 0.000000, 3.000000)
0.9678225068 -0.0000000000 0.2516338518 0.0000000000
0.0000000000 -1.0000000000 -0.0000000000 0.0000000000
0.2516338518 0.0000000000 -0.9678225068 3.0997419247
frame 0012  cam_pos=(-0.760000, 0.000000, 3.000000)
0.9693774374 -0.0000000000 0.2455756175 0.0000000000
0.0000000000 -1.0000000000 -0.0000000000 0.0000000000
0.2455756175 0.0000000000 -0.9693774374 3.0947697814
frame 0013  cam_pos=(-0.740000, 0.000000, 3.000000)
0.9708992080 -0.0000000000 0.2394884713 -0.0000000000
0.0000000000 -1.0000000000 -0.0000000000 0.0000000000
0.2394884713 0.0000000000 -0.9708992080 3.0899190928
frame 0014  cam_pos=(-0.720000, 0.000000, 3.000000)
0.9723873020 -0.0000000000 0.2333729525 0.0000000000
0.0000000000 -1.0000000000 -0.0000000000 0.0000000000
0.2333729525 0.0000000000 -0.9723873020 3.0851904317
frame 0015  cam_pos=(-0.700000, 0.000000, 3.000000)
0.9738412097 -0.0000000000 0.2272296156 0.0000000000
0.0000000000 -1.0000000000 -0.0000000000 0.0000000000
0.2272296156 0.0000000000 -0.9738412097 3.0805843601
frame 0016  cam_pos=(-0.680000, 0.000000, 3.000000)
0.9752604293 -0.0000000000 0.2210590306 0.0000000000
0.0000000000 -1.0000000000 -0.0000000000 0.0000000000
0.2210590306 0.0000000000 -0.9752604293 3.0761014288
frame 0017  cam_pos=(-0.660000, 0.000000, 3.000000)
0.9766444667 -0.0000000000 0.2148617827 0.0000000000
0.0000000000 -1.0000000000 -0.0000000000 0.0000000000
0.2148617827 0.0000000000 -0.9766444667 3.0717421767
frame 0018  cam_pos=(-0.640000, 0.000000, 3.000000)
0.9779928364 -0.0000000000 0.2086384718 -0.0000000000
0.0000000000 -1.0000000000 -0.0000000000 0.0000000000
0.2086384718 0.0000000000 -0.9779928364 3.0675071312
frame 0019  cam_pos=(-0.620000, 0.000000, 3.000000)
0.9793050618 -0.0000000000 0.2023897128 0.0000000000
0.0000000000 -1.0000000000 -0.0000000000 0.0000000000
0.2023897128 0.0000000000 -0.9793050618 3.0633968075
frame 0020  cam_pos=(-0.600000, 0.000000, 3.000000)
0.9805806757 -0.0000000000 0.1961161351 0.0000000000
0.0000000000 -1.0000000000 -0.0000000000 0.0000000000
0.1961161351 0.0000000000 -0.9805806757 3.0594117082
frame 0021  cam_pos=(-0.580000, 0.000000, 3.000000)
0.9818192204 -0.0000000000 0.1898183826 -0.0000000000
0.0000000000 -1.0000000000 -0.0000000000 0.0000000000
0.1898183826 0.0000000000 -0.9818192204 3.0555523232
frame 0022  cam_pos=(-0.560000, 0.000000, 3.000000)
0.9830202488 -0.0000000000 0.1834971131 0.0000000000
0.0000000000 -1.0000000000 -0.0000000000 0.0000000000
0.1834971131 0.0000000000 -0.9830202488 3.0518191296
frame 0023  cam_pos=(-0.540000, 0.000000, 3.000000)
0.9841833240 -0.0000000000 0.1771529983 0.0000000000
0.0000000000 -1.0000000000 -0.0000000000 0.0000000000
0.1771529983 0.0000000000 -0.9841833240 3.0482125910
frame 0024  cam_pos=(-0.520000, 0.000000, 3.000000)
0.9853080204 -0.0000000000 0.1707867235 0.0000000000
0.0000000000 -1.0000000000 -0.0000000000 0.0000000000
0.1707867235 0.0000000000 -0.9853080204 3.0447331574
frame 0025  cam_pos=(-0.500000, 0.000000, 3.000000)
0.9863939238 -0.0000000000 0.1643989873 0.0000000000
0.0000000000 -1.0000000000 -0.0000000000 0.0000000000
0.1643989873 0.0000000000 -0.9863939238 3.0413812651
frame 0026  cam_pos=(-0.480000, 0.000000, 3.000000)
0.9874406319 -0.0000000000 0.1579905011 0.0000000000
0.0000000000 -1.0000000000 -0.0000000000 0.0000000000
0.1579905011 0.0000000000 -0.9874406319 3.0381573363
frame 0027  cam_pos=(-0.460000, 0.000000, 3.000000)
0.9884477546 -0.0000000000 0.1515619890 0.0000000000
0.0000000000 -1.0000000000 -0.0000000000 0.0000000000
0.1515619890 0.0000000000 -0.9884477546 3.0350617786
frame 0028  cam_pos=(-0.440000, 0.000000, 3.000000)
0.9894149143 -0.0000000000 0.1451141874 0.0000000000
0.0000000000 -1.0000000000 -0.0000000000 0.0000000000
0.1451141874 0.0000000000 -0.9894149143 3.0320949853
frame 0029  cam_pos=(-0.420000, 0.000000, 3.000000)
0.9903417467 -0.0000000000 0.1386478445 0.0000000000
0.0000000000 -1.0000000000 -0.0000000000 0.0000000000
0.1386478445 0.0000000000 -0.9903417467 3.0292573347
frame 0030  cam_pos=(-0.400000, 0.000000, 3.000000)
0.9912279007 -0.0000000000 0.1321637201 -0.0000000000
0.0000000000 -1.0000000000 -0.0000000000 0.0000000000
0.1321637201 0.0000000000 -0.9912279007 3.0265491901
frame 0031  cam_pos=(-0.380000, 0.000000, 3.000000)
0.9920730390 -0.0000000000 0.1256625849 -0.0000000000
0.0000000000 -1.0000000000 -0.0000000000 0.0000000000
0.1256625849 0.0000000000 -0.9920730390 3.0239708993
frame 0032  cam_pos=(-0.360000, 0.000000, 3.000000)
0.9928768385 -0.0000000000 0.1191452206 0.0000000000
0.0000000000 -1.0000000000 -0.0000000000 0.0000000000
0.1191452206 0.0000000000 -0.9928768385 3.0215227949
frame 0033  cam_pos=(-0.340000, 0.000000, 3.000000)
0.9936389903 -0.0000000000 0.1126124189 0.0000000000
0.0000000000 -1.0000000000 -0.0000000000 0.0000000000
0.1126124189 0.0000000000 -0.9936389903 3.0192051934
frame 0034  cam_pos=(-0.320000, 0.000000, 3.000000)
0.9943592006 -0.0000000000 0.1060649814 0.0000000000
0.0000000000 -1.0000000000 -0.0000000000 0.0000000000
0.1060649814 0.0000000000 -0.9943592006 3.0170183957
frame 0035  cam_pos=(-0.300000, 0.000000, 3.000000)
0.9950371902 -0.0000000000 0.0995037190 0.0000000000
0.0000000000 -1.0000000000 -0.0000000000 0.0000000000
0.0995037190 0.0000000000 -0.9950371902 3.0149626863
frame 0036  cam_pos=(-0.280000, 0.000000, 3.000000)
0.9956726957 -0.0000000000 0.0929294516 -0.0000000000
0.0000000000 -1.0000000000 -0.0000000000 0.0000000000
0.0929294516 0.0000000000 -0.9956726957 3.0130383336
frame 0037  cam_pos=(-0.260000, 0.000000, 3.000000)
0.9962654692 -0.0000000000 0.0863430073 0.0000000000
0.0000000000 -1.0000000000 -0.0000000000 0.0000000000
0.0863430073 0.0000000000 -0.9962654692 3.0112455895
frame 0038  cam_pos=(-0.240000, 0.000000, 3.000000)
0.9968152785 -0.0000000000 0.0797452223 -0.0000000000
0.0000000000 -1.0000000000 -0.0000000000 0.0000000000
0.0797452223 0.0000000000 -0.9968152785 3.0095846890
frame 0039  cam_pos=(-0.220000, 0.000000, 3.000000)
0.9973219079 -0.0000000000 0.0731369399 0.0000000000
0.0000000000 -1.0000000000 -0.0000000000 0.0000000000
0.0731369399 0.0000000000 -0.9973219079 3.0080558505
frame 0040  cam_pos=(-0.200000, 0.000000, 3.000000)
0.9977851579 -0.0000000000 0.0665190105 0.0000000000
0.0000000000 -1.0000000000 -0.0000000000 0.0000000000
0.0665190105 0.0000000000 -0.9977851579 3.0066592757
frame 0041  cam_pos=(-0.180000, 0.000000, 3.000000)
0.9982048455 -0.0000000000 0.0598922907 0.0000000000
0.0000000000 -1.0000000000 -0.0000000000 0.0000000000
0.0598922907 0.0000000000 -0.9982048455 3.0053951487
frame 0042  cam_pos=(-0.160000, 0.000000, 3.000000)
0.9985808047 -0.0000000000 0.0532576429 0.0000000000
0.0000000000 -1.0000000000 -0.0000000000 0.0000000000
0.0532576429 0.0000000000 -0.9985808047 3.0042636369
frame 0043  cam_pos=(-0.140000, 0.000000, 3.000000)
0.9989128864 -0.0000000000 0.0466159347 0.0000000000
0.0000000000 -1.0000000000 -0.0000000000 0.0000000000
0.0466159347 0.0000000000 -0.9989128864 3.0032648901
frame 0044  cam_pos=(-0.120000, 0.000000, 3.000000)
0.9992009587 -0.0000000000 0.0399680383 0.0000000000
0.0000000000 -1.0000000000 -0.0000000000 0.0000000000
0.0399680383 0.0000000000 -0.9992009587 3.0023990408
frame 0045  cam_pos=(-0.100000, 0.000000, 3.000000)
0.9994449070 -0.0000000000 0.0333148302 0.0000000000
0.0000000000 -1.0000000000 -0.0000000000 0.0000000000
0.0333148302 0.0000000000 -0.9994449070 3.0016662040
frame 0046  cam_pos=(-0.080000, 0.000000, 3.000000)
0.9996446340 -0.0000000000 0.0266571902 -0.0000000000
0.0000000000 -1.0000000000 -0.0000000000 0.0000000000
0.0266571902 0.0000000000 -0.9996446340 3.0010664771
frame 0047  cam_pos=(-0.060000, 0.000000, 3.000000)
0.9998000600 -0.0000000000 0.0199960012 -0.0000000000
0.0000000000 -1.0000000000 -0.0000000000 0.0000000000
0.0199960012 0.0000000000 -0.9998000600 3.0005999400
frame 0048  cam_pos=(-0.040000, 0.000000, 3.000000)
0.9999111230 -0.0000000000 0.0133321483 -0.0000000000
0.0000000000 -1.0000000000 -0.0000000000 0.0000000000
0.0133321483 0.0000000000 -0.9999111230 3.0002666548
frame 0049  cam_pos=(-0.020000, 0.000000, 3.000000)
0.9999777785 -0.0000000000 0.0066665185 0.0000000000
0.0000000000 -1.0000000000 -0.0000000000 0.0000000000
0.0066665185 0.0000000000 -0.9999777785 3.0000666659
frame 0050  cam_pos=(0.000000, 0.000000, 3.000000)
1.0000000000 -0.0000000000 -0.0000000000 0.0000000000
-0.0000000000 -1.0000000000 -0.0000000000 0.0000000000
0.0000000000 0.0000000000 -1.0000000000 3.0000000000
frame 0051  cam_pos=(0.020000, 0.000000, 3.000000)
0.9999777785 -0.0000000000 -0.0066665185 -0.0000000000
-0.0000000000 -1.0000000000 0.0000000000 0.0000000000
-0.0066665185 0.0000000000 -0.9999777785 3.0000666659
frame 0052  cam_pos=(0.040000, 0.000000, 3.000000)
0.9999111230 -0.0000000000 -0.0133321483 0.0000000000
-0.0000000000 -1.0000000000 0.0000000000 0.0000000000
-0.0133321483 0.0000000000 -0.9999111230 3.0002666548
frame 0053  cam_pos=(0.060000, 0.000000, 3.000000)
0.9998000600 -0.0000000000 -0.0199960012 0.0000000000
-0.0000000000 -1.0000000000 0.0000000000 0.0000000000
-0.0199960012 0.0000000000 -0.9998000600 3.0005999400
frame 0054  cam_pos=(0.080000, 0.000000, 3.000000)
0.9996446340 -0.0000000000 -0.0266571902 0.0000000000
-0.0000000000 -1.0000000000 0.0000000000 0.0000000000
-0.0266571902 0.0000000000 -0.9996446340 3.0010664771
frame 0055  cam_pos=(0.100000, 0.000000, 3.000000)
0.9994449070 -0.0000000000 -0.0333148302 0.0000000000
-0.0000000000 -1.0000000000 0.0000000000 0.0000000000
-0.0333148302 0.0000000000 -0.9994449070 3.0016662040
frame 0056  cam_pos=(0.120000, 0.000000, 3.000000)
0.9992009587 -0.0000000000 -0.0399680383 0.0000000000
-0.0000000000 -1.0000000000 0.0000000000 0.0000000000
-0.0399680383 0.0000000000 -0.9992009587 3.0023990408
frame 0057  cam_pos=(0.140000, 0.000000, 3.000000)
0.9989128864 -0.0000000000 -0.0466159347 0.0000000000
-0.0000000000 -1.0000000000 0.0000000000 0.0000000000
-0.0466159347 0.0000000000 -0.9989128864 3.0032648901
frame 0058  cam_pos=(0.160000, 0.000000, 3.000000)
0.9985808047 -0.0000000000 -0.0532576429 0.0000000000
-0.0000000000 -1.0000000000 0.0000000000 0.0000000000
-0.0532576429 0.0000000000 -0.9985808047 3.0042636369
frame 0059  cam_pos=(0.180000, 0.000000, 3.000000)
0.9982048455 -0.0000000000 -0.0598922907 0.0000000000
-0.0000000000 -1.0000000000 0.0000000000 0.0000000000
-0.0598922907 0.0000000000 -0.9982048455 3.0053951487
frame 0060  cam_pos=(0.200000, 0.000000, 3.000000)
0.9977851579 -0.0000000000 -0.0665190105 0.0000000000
-0.0000000000 -1.0000000000 0.0000000000 0.0000000000
-0.0665190105 0.0000000000 -0.9977851579 3.0066592757
frame 0061  cam_pos=(0.220000, 0.000000, 3.000000)
0.9973219079 -0.0000000000 -0.0731369399 0.0000000000
-0.0000000000 -1.0000000000 0.0000000000 0.0000000000
-0.0731369399 0.0000000000 -0.9973219079 3.0080558505
frame 0062  cam_pos=(0.240000, 0.000000, 3.000000)
0.9968152785 -0.0000000000 -0.0797452223 0.0000000000
-0.0000000000 -1.0000000000 0.0000000000 0.0000000000
-0.0797452223 0.0000000000 -0.9968152785 3.0095846890
frame 0063  cam_pos=(0.260000, 0.000000, 3.000000)
0.9962654692 -0.0000000000 -0.0863430073 0.0000000000
-0.0000000000 -1.0000000000 0.0000000000 0.0000000000
-0.0863430073 0.0000000000 -0.9962654692 3.0112455895
frame 0064  cam_pos=(0.280000, 0.000000, 3.000000)
0.9956726957 -0.0000000000 -0.0929294516 0.0000000000
-0.0000000000 -1.0000000000 0.0000000000 0.0000000000
-0.0929294516 0.0000000000 -0.9956726957 3.0130383336
frame 0065  cam_pos=(0.300000, 0.000000, 3.000000)
0.9950371902 -0.0000000000 -0.0995037190 0.0000000000
-0.0000000000 -1.0000000000 0.0000000000 0.0000000000
-0.0995037190 0.0000000000 -0.9950371902 3.0149626863
frame 0066  cam_pos=(0.320000, 0.000000, 3.000000)
0.9943592006 -0.0000000000 -0.1060649814 0.0000000000
-0.0000000000 -1.0000000000 0.0000000000 0.0000000000
-0.1060649814 0.0000000000 -0.9943592006 3.0170183957
frame 0067  cam_pos=(0.340000, 0.000000, 3.000000)
0.9936389903 -0.0000000000 -0.1126124189 0.0000000000
-0.0000000000 -1.0000000000 0.0000000000 0.0000000000
-0.1126124189 0.0000000000 -0.9936389903 3.0192051934
frame 0068  cam_pos=(0.360000, 0.000000, 3.000000)
0.9928768385 -0.0000000000 -0.1191452206 -0.0000000000
-0.0000000000 -1.0000000000 0.0000000000 0.0000000000
-0.1191452206 0.0000000000 -0.9928768385 3.0215227949
frame 0069  cam_pos=(0.380000, 0.000000, 3.000000)
0.9920730390 -0.0000000000 -0.1256625849 0.0000000000
-0.0000000000 -1.0000000000 0.0000000000 0.0000000000
-0.1256625849 0.0000000000 -0.9920730390 3.0239708993
frame 0070  cam_pos=(0.400000, 0.000000, 3.000000)
0.9912279007 -0.0000000000 -0.1321637201 0.0000000000
-0.0000000000 -1.0000000000 0.0000000000 0.0000000000
-0.1321637201 0.0000000000 -0.9912279007 3.0265491901
frame 0071  cam_pos=(0.420000, 0.000000, 3.000000)
0.9903417467 -0.0000000000 -0.1386478445 -0.0000000000
-0.0000000000 -1.0000000000 0.0000000000 0.0000000000
-0.1386478445 0.0000000000 -0.9903417467 3.0292573347
frame 0072  cam_pos=(0.440000, 0.000000, 3.000000)
0.9894149143 -0.0000000000 -0.1451141874 0.0000000000
-0.0000000000 -1.0000000000 0.0000000000 0.0000000000
-0.1451141874 0.0000000000 -0.9894149143 3.0320949853
frame 0073  cam_pos=(0.460000, 0.000000, 3.000000)
0.9884477546 -0.0000000000 -0.1515619890 0.0000000000
-0.0000000000 -1.0000000000 0.0000000000 0.0000000000
-0.1515619890 0.0000000000 -0.9884477546 3.0350617786
frame 0074  cam_pos=(0.480000, 0.000000, 3.000000)
0.9874406319 -0.0000000000 -0.1579905011 0.0000000000
-0.0000000000 -1.0000000000 0.0000000000 0.0000000000
-0.1579905011 0.0000000000 -0.9874406319 3.0381573363
frame 0075  cam_pos=(0.500000, 0.000000, 3.000000)
0.9863939238 -0.0000000000 -0.1643989873 0.0000000000
-0.0000000000 -1.0000000000 0.0000000000 0.0000000000
-0.1643989873 0.0000000000 -0.9863939238 3.0413812651
frame 0076  cam_pos=(0.520000, 0.000000, 3.000000)
0.9853080204 -0.0000000000 -0.1707867235 0.0000000000
-0.0000000000 -1.0000000000 0.0000000000 0.0000000000
-0.1707867235 0.0000000000 -0.9853080204 3.0447331574
frame 0077  cam_pos=(0.540000, 0.000000, 3.000000)
0.9841833240 -0.0000000000 -0.1771529983 0.0000000000
-0.0000000000 -1.0000000000 0.0000000000 0.0000000000
-0.1771529983 0.0000000000 -0.9841833240 3.0482125910
frame 0078  cam_pos=(0.560000, 0.000000, 3.000000)
0.9830202488 -0.0000000000 -0.1834971131 0.0000000000
-0.0000000000 -1.0000000000 0.0000000000 0.0000000000
-0.1834971131 0.0000000000 -0.9830202488 3.0518191296
frame 0079  cam_pos=(0.580000, 0.000000, 3.000000)
0.9818192204 -0.0000000000 -0.1898183826 0.0000000000
-0.0000000000 -1.0000000000 0.0000000000 0.0000000000
-0.1898183826 0.0000000000 -0.9818192204 3.0555523232
frame 0080  cam_pos=(0.600000, 0.000000, 3.000000)
0.9805806757 -0.0000000000 -0.1961161351 0.0000000000
-0.0000000000 -1.0000000000 0.0000000000 0.0000000000
-0.1961161351 0.0000000000 -0.9805806757 3.0594117082
frame 0081  cam_pos=(0.620000, 0.000000, 3.000000)
0.9793050618 -0.0000000000 -0.2023897128 0.0000000000
-0.0000000000 -1.0000000000 0.0000000000 0.0000000000
-0.2023897128 0.0000000000 -0.9793050618 3.0633968075
frame 0082  cam_pos=(0.640000, 0.000000, 3.000000)
0.9779928364 -0.0000000000 -0.2086384718 -0.0000000000
-0.0000000000 -1.0000000000 0.0000000000 0.0000000000
-0.2086384718 0.0000000000 -0.9779928364 3.0675071312
frame 0083  cam_pos=(0.660000, 0.000000, 3.000000)
0.9766444667 -0.0000000000 -0.2148617827 0.0000000000
-0.0000000000 -1.0000000000 0.0000000000 0.0000000000
-0.2148617827 0.0000000000 -0.9766444667 3.0717421767
frame 0084  cam_pos=(0.680000, 0.000000, 3.000000)
0.9752604293 -0.0000000000 -0.2210590306 0.0000000000
-0.0000000000 -1.0000000000 0.0000000000 0.0000000000
-0.2210590306 0.0000000000 -0.9752604293 3.0761014288
frame 0085  cam_pos=(0.700000, 0.000000, 3.000000)
0.9738412097 -0.0000000000 -0.2272296156 0.0000000000
-0.0000000000 -1.0000000000 0.0000000000 0.0000000000
-0.2272296156 0.0000000000 -0.9738412097 3.0805843601
frame 0086  cam_pos=(0.720000, 0.000000, 3.000000)
0.9723873020 -0.0000000000 -0.2333729525 -0.0000000000
-0.0000000000 -1.0000000000 0.0000000000 0.0000000000
-0.2333729525 0.0000000000 -0.9723873020 3.0851904317
frame 0087  cam_pos=(0.740000, 0.000000, 3.000000)
0.9708992080 -0.0000000000 -0.2394884713 0.0000000000
-0.0000000000 -1.0000000000 0.0000000000 0.0000000000
-0.2394884713 0.0000000000 -0.9708992080 3.0899190928
frame 0088  cam_pos=(0.760000, 0.000000, 3.000000)
0.9693774374 -0.0000000000 -0.2455756175 0.0000000000
-0.0000000000 -1.0000000000 0.0000000000 0.0000000000
-0.2455756175 0.0000000000 -0.9693774374 3.0947697814
frame 0089  cam_pos=(0.780000, 0.000000, 3.000000)
0.9678225068 -0.0000000000 -0.2516338518 -0.0000000000
-0.0000000000 -1.0000000000 0.0000000000 0.0000000000
-0.2516338518 0.0000000000 -0.9678225068 3.0997419247
frame 0090  cam_pos=(0.800000, 0.000000, 3.000000)
0.9662349396 -0.0000000000 -0.2576626506 0.0000000000
-0.0000000000 -1.0000000000 0.0000000000 0.0000000000
-0.2576626506 0.0000000000 -0.9662349396 3.1048349393
frame 0091  cam_pos=(0.820000, 0.000000, 3.000000)
0.9646152654 -0.0000000000 -0.2636615059 0.0000000000
-0.0000000000 -1.0000000000 0.0000000000 0.0000000000
-0.2636615059 0.0000000000 -0.9646152654 3.1100482311
frame 0092  cam_pos=(0.840000, 0.000000, 3.000000)
0.9629640197 -0.0000000000 -0.2696299255 -0.0000000000
-0.0000000000 -1.0000000000 0.0000000000 0.0000000000
-0.2696299255 0.0000000000 -0.9629640197 3.1153811966
frame 0093  cam_pos=(0.860000, 0.000000, 3.000000)
0.9612817432 -0.0000000000 -0.2755674331 0.0000000000
-0.0000000000 -1.0000000000 0.0000000000 0.0000000000
-0.2755674331 0.0000000000 -0.9612817432 3.1208332221
frame 0094  cam_pos=(0.880000, 0.000000, 3.000000)
0.9595689817 -0.0000000000 -0.2814735680 0.0000000000
-0.0000000000 -1.0000000000 0.0000000000 0.0000000000
-0.2814735680 0.0000000000 -0.9595689817 3.1264036847
frame 0095  cam_pos=(0.900000, 0.000000, 3.000000)
0.9578262852 -0.0000000000 -0.2873478856 0.0000000000
-0.0000000000 -1.0000000000 0.0000000000 0.0000000000
-0.2873478856 0.0000000000 -0.9578262852 3.1320919527
frame 0096  cam_pos=(0.920000, 0.000000, 3.000000)
0.9560542082 -0.0000000000 -0.2931899572 -0.0000000000
-0.0000000000 -1.0000000000 0.0000000000 0.0000000000
-0.2931899572 0.0000000000 -0.9560542082 3.1378973852
frame 0097  cam_pos=(0.940000, 0.000000, 3.000000)
0.9542533085 -0.0000000000 -0.2989993700 0.0000000000
-0.0000000000 -1.0000000000 0.0000000000 0.0000000000
-0.2989993700 0.0000000000 -0.9542533085 3.1438193332
frame 0098  cam_pos=(0.960000, 0.000000, 3.000000)
0.9524241472 -0.0000000000 -0.3047757271 0.0000000000
-0.0000000000 -1.0000000000 0.0000000000 0.0000000000
-0.3047757271 0.0000000000 -0.9524241472 3.1498571396
frame 0099  cam_pos=(0.980000, 0.000000, 3.000000)
0.9505672883 -0.0000000000 -0.3105186475 0.0000000000
-0.0000000000 -1.0000000000 0.0000000000 0.0000000000
-0.3105186475 0.0000000000 -0.9505672883 3.1560101394
frame 0100  cam_pos=(1.000000, 0.000000, 3.000000)
0.9486832981 -0.0000000000 -0.3162277660 0.0000000000
-0.0000000000 -1.0000000000 0.0000000000 0.0000000000
-0.3162277660 0.0000000000 -0.9486832981 3.1622776602
frame 0101  cam_pos=(0.980000, 0.000000, 3.000000)
0.9505672883 -0.0000000000 -0.3105186475 0.0000000000
-0.0000000000 -1.0000000000 0.0000000000 0.0000000000
-0.3105186475 0.0000000000 -0.9505672883 3.1560101394
frame 0102  cam_pos=(0.960000, 0.000000, 3.000000)
0.9524241472 -0.0000000000 -0.3047757271 0.0000000000
-0.0000000000 -1.0000000000 0.0000000000 0.0000000000
-0.3047757271 0.0000000000 -0.9524241472 3.1498571396
frame 0103  cam_pos=(0.940000, 0.000000, 3.000000)
0.9542533085 -0.0000000000 -0.2989993700 0.0000000000
-0.0000000000 -1.0000000000 0.0000000000 0.0000000000
-0.2989993700 0.0000000000 -0.9542533085 3.1438193332
frame 0104  cam_pos=(0.920000, 0.000000, 3.000000)
0.9560542082 -0.0000000000 -0.2931899572 0.0000000000
-0.0000000000 -1.0000000000 0.0000000000 0.0000000000
-0.2931899572 0.0000000000 -0.9560542082 3.1378973852
frame 0105  cam_pos=(0.900000, 0.000000, 3.000000)
0.9578262852 -0.0000000000 -0.2873478856 0.0000000000
-0.0000000000 -1.0000000000 0.0000000000 0.0000000000
-0.2873478856 0.0000000000 -0.9578262852 3.1320919527
frame 0106  cam_pos=(0.880000, 0.000000, 3.000000)
0.9595689817 -0.0000000000 -0.2814735680 0.0000000000
-0.0000000000 -1.0000000000 0.0000000000 0.0000000000
-0.2814735680 0.0000000000 -0.9595689817 3.1264036847
frame 0107  cam_pos=(0.860000, 0.000000, 3.000000)
0.9612817432 -0.0000000000 -0.2755674331 0.0000000000
-0.0000000000 -1.0000000000 0.0000000000 0.0000000000
-0.2755674331 0.0000000000 -0.9612817432 3.1208332221
frame 0108  cam_pos=(0.840000, 0.000000, 3.000000)
0.9629640197 -0.0000000000 -0.2696299255 0.0000000000
-0.0000000000 -1.0000000000 0.0000000000 0.0000000000
-0.2696299255 0.0000000000 -0.9629640197 3.1153811966
frame 0109  cam_pos=(0.820000, 0.000000, 3.000000)
0.9646152654 -0.0000000000 -0.2636615059 0.0000000000
-0.0000000000 -1.0000000000 0.0000000000 0.0000000000
-0.2636615059 0.0000000000 -0.9646152654 3.1100482311
frame 0110  cam_pos=(0.800000, 0.000000, 3.000000)
0.9662349396 -0.0000000000 -0.2576626506 0.0000000000
-0.0000000000 -1.0000000000 0.0000000000 0.0000000000
-0.2576626506 0.0000000000 -0.9662349396 3.1048349393
frame 0111  cam_pos=(0.780000, 0.000000, 3.000000)
0.9678225068 -0.0000000000 -0.2516338518 -0.0000000000
-0.0000000000 -1.0000000000 0.0000000000 0.0000000000
-0.2516338518 0.0000000000 -0.9678225068 3.0997419247
frame 0112  cam_pos=(0.760000, 0.000000, 3.000000)
0.9693774374 -0.0000000000 -0.2455756175 0.0000000000
-0.0000000000 -1.0000000000 0.0000000000 0.0000000000
-0.2455756175 0.0000000000 -0.9693774374 3.0947697814
frame 0113  cam_pos=(0.740000, 0.000000, 3.000000)
0.9708992080 -0.0000000000 -0.2394884713 0.0000000000
-0.0000000000 -1.0000000000 0.0000000000 0.0000000000
-0.2394884713 0.0000000000 -0.9708992080 3.0899190928
frame 0114  cam_pos=(0.720000, 0.000000, 3.000000)
0.9723873020 -0.0000000000 -0.2333729525 -0.0000000000
-0.0000000000 -1.0000000000 0.0000000000 0.0000000000
-0.2333729525 0.0000000000 -0.9723873020 3.0851904317
frame 0115  cam_pos=(0.700000, 0.000000, 3.000000)
0.9738412097 -0.0000000000 -0.2272296156 0.0000000000
-0.0000000000 -1.0000000000 0.0000000000 0.0000000000
-0.2272296156 0.0000000000 -0.9738412097 3.0805843601
frame 0116  cam_pos=(0.680000, 0.000000, 3.000000)
0.9752604293 -0.0000000000 -0.2210590306 0.0000000000
-0.0000000000 -1.0000000000 0.0000000000 0.0000000000
-0.2210590306 0.0000000000 -0.9752604293 3.0761014288
frame 0117  cam_pos=(0.660000, 0.000000, 3.000000)
0.9766444667 -0.0000000000 -0.2148617827 0.0000000000
-0.0000000000 -1.0000000000 0.0000000000 0.0000000000
-0.2148617827 0.0000000000 -0.9766444667 3.0717421767
frame 0118  cam_pos=(0.640000, 0.000000, 3.000000)
0.9779928364 -0.0000000000 -0.2086384718 0.0000000000
-0.0000000000 -1.0000000000 0.0000000000 0.0000000000
-0.2086384718 0.0000000000 -0.9779928364 3.0675071312
frame 0119  cam_pos=(0.620000, 0.000000, 3.000000)
0.9793050618 -0.0000000000 -0.2023897128 0.0000000000
-0.0000000000 -1.0000000000 0.0000000000 0.0000000000
-0.2023897128 0.0000000000 -0.9793050618 3.0633968075
frame 0120  cam_pos=(0.600000, 0.000000, 3.000000)
0.9805806757 -0.0000000000 -0.1961161351 -0.0000000000
-0.0000000000 -1.0000000000 0.0000000000 0.0000000000
-0.1961161351 0.0000000000 -0.9805806757 3.0594117082
frame 0121  cam_pos=(0.580000, 0.000000, 3.000000)
0.9818192204 -0.0000000000 -0.1898183826 0.0000000000
-0.0000000000 -1.0000000000 0.0000000000 0.0000000000
-0.1898183826 0.0000000000 -0.9818192204 3.0555523232
frame 0122  cam_pos=(0.560000, 0.000000, 3.000000)
0.9830202488 -0.0000000000 -0.1834971131 0.0000000000
-0.0000000000 -1.0000000000 0.0000000000 0.0000000000
-0.1834971131 0.0000000000 -0.9830202488 3.0518191296
frame 0123  cam_pos=(0.540000, 0.000000, 3.000000)
0.9841833240 -0.0000000000 -0.1771529983 0.0000000000
-0.0000000000 -1.0000000000 0.0000000000 0.0000000000
-0.1771529983 0.0000000000 -0.9841833240 3.0482125910
frame 0124  cam_pos=(0.520000, 0.000000, 3.000000)
0.9853080204 -0.0000000000 -0.1707867235 0.0000000000
-0.0000000000 -1.0000000000 0.0000000000 0.0000000000
-0.1707867235 0.0000000000 -0.9853080204 3.0447331574
frame 0125  cam_pos=(0.500000, 0.000000, 3.000000)
0.9863939238 -0.0000000000 -0.1643989873 0.0000000000
-0.0000000000 -1.0000000000 0.0000000000 0.0000000000
-0.1643989873 0.0000000000 -0.9863939238 3.0413812651
frame 0126  cam_pos=(0.480000, 0.000000, 3.000000)
0.9874406319 -0.0000000000 -0.1579905011 0.0000000000
-0.0000000000 -1.0000000000 0.0000000000 0.0000000000
-0.1579905011 0.0000000000 -0.9874406319 3.0381573363
frame 0127  cam_pos=(0.460000, 0.000000, 3.000000)
0.9884477546 -0.0000000000 -0.1515619890 0.0000000000
-0.0000000000 -1.0000000000 0.0000000000 0.0000000000
-0.1515619890 0.0000000000 -0.9884477546 3.0350617786
frame 0128  cam_pos=(0.440000, 0.000000, 3.000000)
0.9894149143 -0.0000000000 -0.1451141874 0.0000000000
-0.0000000000 -1.0000000000 0.0000000000 0.0000000000
-0.1451141874 0.0000000000 -0.9894149143 3.0320949853
frame 0129  cam_pos=(0.420000, 0.000000, 3.000000)
0.9903417467 -0.0000000000 -0.1386478445 0.0000000000
-0.0000000000 -1.0000000000 0.0000000000 0.0000000000
-0.1386478445 0.0000000000 -0.9903417467 3.0292573347
frame 0130  cam_pos=(0.400000, 0.000000, 3.000000)
0.9912279007 -0.0000000000 -0.1321637201 0.0000000000
-0.0000000000 -1.0000000000 0.0000000000 0.0000000000
-0.1321637201 0.0000000000 -0.9912279007 3.0265491901
frame 0131  cam_pos=(0.380000, 0.000000, 3.000000)
0.9920730390 -0.0000000000 -0.1256625849 0.0000000000
-0.0000000000 -1.0000000000 0.0000000000 0.0000000000
-0.1256625849 0.0000000000 -0.9920730390 3.0239708993
frame 0132  cam_pos=(0.360000, 0.000000, 3.000000)
0.9928768385 -0.0000000000 -0.1191452206 0.0000000000
-0.0000000000 -1.0000000000 0.0000000000 0.0000000000
-0.1191452206 0.0000000000 -0.9928768385 3.0215227949
frame 0133  cam_pos=(0.340000, 0.000000, 3.000000)
0.9936389903 -0.0000000000 -0.1126124189 -0.0000000000
-0.0000000000 -1.0000000000 0.0000000000 0.0000000000
-0.1126124189 0.0000000000 -0.9936389903 3.0192051934
frame 0134  cam_pos=(0.320000, 0.000000, 3.000000)
0.9943592006 -0.0000000000 -0.1060649814 0.0000000000
-0.0000000000 -1.0000000000 0.0000000000 0.0000000000
-0.1060649814 0.0000000000 -0.9943592006 3.0170183957
frame 0135  cam_pos=(0.300000, 0.000000, 3.000000)
0.9950371902 -0.0000000000 -0.0995037190 0.0000000000
-0.0000000000 -1.0000000000 0.0000000000 0.0000000000
-0.0995037190 0.0000000000 -0.9950371902 3.0149626863
frame 0136  cam_pos=(0.280000, 0.000000, 3.000000)
0.9956726957 -0.0000000000 -0.0929294516 0.0000000000
-0.0000000000 -1.0000000000 0.0000000000 0.0000000000
-0.0929294516 0.0000000000 -0.9956726957 3.0130383336
frame 0137  cam_pos=(0.260000, 0.000000, 3.000000)
0.9962654692 -0.0000000000 -0.0863430073 0.0000000000
-0.0000000000 -1.0000000000 0.0000000000 0.0000000000
-0.0863430073 0.0000000000 -0.9962654692 3.0112455895
frame 0138  cam_pos=(0.240000, 0.000000, 3.000000)
0.9968152785 -0.0000000000 -0.0797452223 0.0000000000
-0.0000000000 -1.0000000000 0.0000000000 0.0000000000
-0.0797452223 0.0000000000 -0.9968152785 3.0095846890
frame 0139  cam_pos=(0.220000, 0.000000, 3.000000)
0.9973219079 -0.0000000000 -0.0731369399 0.0000000000
-0.0000000000 -1.0000000000 0.0000000000 0.0000000000
-0.0731369399 0.0000000000 -0.9973219079 3.0080558505
frame 0140  cam_pos=(0.200000, 0.000000, 3.000000)
0.9977851579 -0.0000000000 -0.0665190105 0.0000000000
-0.0000000000 -1.0000000000 0.0000000000 0.0000000000
-0.0665190105 0.0000000000 -0.9977851579 3.0066592757
frame 0141  cam_pos=(0.180000, 0.000000, 3.000000)
0.9982048455 -0.0000000000 -0.0598922907 0.0000000000
-0.0000000000 -1.0000000000 0.0000000000 0.0000000000
-0.0598922907 0.0000000000 -0.9982048455 3.0053951487
frame 0142  cam_pos=(0.160000, 0.000000, 3.000000)
0.9985808047 -0.0000000000 -0.0532576429 0.0000000000
-0.0000000000 -1.0000000000 0.0000000000 0.0000000000
-0.0532576429 0.0000000000 -0.9985808047 3.0042636369
frame 0143  cam_pos=(0.140000, 0.000000, 3.000000)
0.9989128864 -0.0000000000 -0.0466159347 0.0000000000
-0.0000000000 -1.0000000000 0.0000000000 0.0000000000
-0.0466159347 0.0000000000 -0.9989128864 3.0032648901
frame 0144  cam_pos=(0.120000, 0.000000, 3.000000)
0.9992009587 -0.0000000000 -0.0399680383 -0.0000000000
-0.0000000000 -1.0000000000 0.0000000000 0.0000000000
-0.0399680383 0.0000000000 -0.9992009587 3.0023990408
frame 0145  cam_pos=(0.100000, 0.000000, 3.000000)
0.9994449070 -0.0000000000 -0.0333148302 0.0000000000
-0.0000000000 -1.0000000000 0.0000000000 0.0000000000
-0.0333148302 0.0000000000 -0.9994449070 3.0016662040
frame 0146  cam_pos=(0.080000, 0.000000, 3.000000)
0.9996446340 -0.0000000000 -0.0266571902 0.0000000000
-0.0000000000 -1.0000000000 0.0000000000 0.0000000000
-0.0266571902 0.0000000000 -0.9996446340 3.0010664771
frame 0147  cam_pos=(0.060000, 0.000000, 3.000000)
0.9998000600 -0.0000000000 -0.0199960012 0.0000000000
-0.0000000000 -1.0000000000 0.0000000000 0.0000000000
-0.0199960012 0.0000000000 -0.9998000600 3.0005999400
frame 0148  cam_pos=(0.040000, 0.000000, 3.000000)
0.9999111230 -0.0000000000 -0.0133321483 0.0000000000
-0.0000000000 -1.0000000000 0.0000000000 0.0000000000
-0.0133321483 0.0000000000 -0.9999111230 3.0002666548
frame 0149  cam_pos=(0.020000, 0.000000, 3.000000)
0.9999777785 -0.0000000000 -0.0066665185 -0.0000000000
-0.0000000000 -1.0000000000 0.0000000000 0.0000000000
-0.0066665185 0.0000000000 -0.9999777785 3.0000666659
frame 0150  cam_pos=(0.000000, 0.000000, 3.000000)
1.0000000000 -0.0000000000 -0.0000000000 0.0000000000
-0.0000000000 -1.0000000000 -0.0000000000 0.0000000000
0.0000000000 0.0000000000 -1.0000000000 3.0000000000
frame 0151  cam_pos=(0.000000, 0.000000, 2.980000)
1.0000000000 -0.0000000000 -0.0000000000 0.0000000000
-0.0000000000 -1.0000000000 -0.0000000000 0.0000000000
0.0000000000 0.0000000000 -1.0000000000 2.9800000000
frame 0152  cam_pos=(0.000000, 0.000000, 2.960000)
1.0000000000 -0.0000000000 -0.0000000000 0.0000000000
-0.0000000000 -1.0000000000 -0.0000000000 0.0000000000
0.0000000000 0.0000000000 -1.0000000000 2.9600000000
frame 0153  cam_pos=(0.000000, 0.000000, 2.940000)
1.0000000000 -0.0000000000 -0.0000000000 0.0000000000
-0.0000000000 -1.0000000000 -0.0000000000 0.0000000000
0.0000000000 0.0000000000 -1.0000000000 2.9400000000
frame 0154  cam_pos=(0.000000, 0.000000, 2.920000)
1.0000000000 -0.0000000000 -0.0000000000 0.0000000000
-0.0000000000 -1.0000000000 -0.0000000000 0.0000000000
0.0000000000 0.0000000000 -1.0000000000 2.9200000000
frame 0155  cam_pos=(0.000000, 0.000000, 2.900000)
1.0000000000 -0.0000000000 -0.0000000000 0.0000000000
-0.0000000000 -1.0000000000 -0.0000000000 0.0000000000
0.0000000000 0.0000000000 -1.0000000000 2.9000000000
frame 0156  cam_pos=(0.000000, 0.000000, 2.880000)
1.0000000000 -0.0000000000 -0.0000000000 0.0000000000
-0.0000000000 -1.0000000000 -0.0000000000 0.0000000000
0.0000000000 0.0000000000 -1.0000000000 2.8800000000
frame 0157  cam_pos=(0.000000, 0.000000, 2.860000)
1.0000000000 -0.0000000000 -0.0000000000 0.0000000000
-0.0000000000 -1.0000000000 -0.0000000000 0.0000000000
0.0000000000 0.0000000000 -1.0000000000 2.8600000000
frame 0158  cam_pos=(0.000000, 0.000000, 2.840000)
1.0000000000 -0.0000000000 -0.0000000000 0.0000000000
-0.0000000000 -1.0000000000 -0.0000000000 0.0000000000
0.0000000000 0.0000000000 -1.0000000000 2.8400000000
frame 0159  cam_pos=(0.000000, 0.000000, 2.820000)
1.0000000000 -0.0000000000 -0.0000000000 0.0000000000
-0.0000000000 -1.0000000000 -0.0000000000 0.0000000000
0.0000000000 0.0000000000 -1.0000000000 2.8200000000
frame 0160  cam_pos=(0.000000, 0.000000, 2.800000)
1.0000000000 -0.0000000000 -0.0000000000 0.0000000000
-0.0000000000 -1.0000000000 -0.0000000000 0.0000000000
0.0000000000 0.0000000000 -1.0000000000 2.8000000000
frame 0161  cam_pos=(0.000000, 0.000000, 2.780000)
1.0000000000 -0.0000000000 -0.0000000000 0.0000000000
-0.0000000000 -1.0000000000 -0.0000000000 0.0000000000
0.0000000000 0.0000000000 -1.0000000000 2.7800000000
frame 0162  cam_pos=(0.000000, 0.000000, 2.760000)
1.0000000000 -0.0000000000 -0.0000000000 0.0000000000
-0.0000000000 -1.0000000000 -0.0000000000 0.0000000000
0.0000000000 0.0000000000 -1.0000000000 2.7600000000
frame 0163  cam_pos=(0.000000, 0.000000, 2.740000)
1.0000000000 -0.0000000000 -0.0000000000 0.0000000000
-0.0000000000 -1.0000000000 -0.0000000000 0.0000000000
0.0000000000 0.0000000000 -1.0000000000 2.7400000000
frame 0164  cam_pos=(0.000000, 0.000000, 2.720000)
1.0000000000 -0.0000000000 -0.0000000000 0.0000000000
-0.0000000000 -1.0000000000 -0.0000000000 0.0000000000
0.0000000000 0.0000000000 -1.0000000000 2.7200000000
frame 0165  cam_pos=(0.000000, 0.000000, 2.700000)
1.0000000000 -0.0000000000 -0.0000000000 0.0000000000
-0.0000000000 -1.0000000000 -0.0000000000 0.0000000000
0.0000000000 0.0000000000 -1.0000000000 2.7000000000
frame 0166  cam_pos=(0.000000, 0.000000, 2.680000)
1.0000000000 -0.0000000000 -0.0000000000 0.0000000000
-0.0000000000 -1.0000000000 -0.0000000000 0.0000000000
0.0000000000 0.0000000000 -1.0000000000 2.6800000000
frame 0167  cam_pos=(0.000000, 0.000000, 2.660000)
1.0000000000 -0.0000000000 -0.0000000000 0.0000000000
-0.0000000000 -1.0000000000 -0.0000000000 0.0000000000
0.0000000000 0.0000000000 -1.0000000000 2.6600000000
frame 0168  cam_pos=(0.000000, 0.000000, 2.640000)
1.0000000000 -0.0000000000 -0.0000000000 0.0000000000
-0.0000000000 -1.0000000000 -0.0000000000 0.0000000000
0.0000000000 0.0000000000 -1.0000000000 2.6400000000
frame 0169  cam_pos=(0.000000, 0.000000, 2.620000)
1.0000000000 -0.0000000000 -0.0000000000 0.0000000000
-0.0000000000 -1.0000000000 -0.0000000000 0.0000000000
0.0000000000 0.0000000000 -1.0000000000 2.6200000000
frame 0170  cam_pos=(0.000000, 0.000000, 2.600000)
1.0000000000 -0.0000000000 -0.0000000000 0.0000000000
-0.0000000000 -1.0000000000 -0.0000000000 0.0000000000
0.0000000000 0.0000000000 -1.0000000000 2.6000000000
frame 0171  cam_pos=(0.000000, 0.000000, 2.580000)
1.0000000000 -0.0000000000 -0.0000000000 0.0000000000
-0.0000000000 -1.0000000000 -0.0000000000 0.0000000000
0.0000000000 0.0000000000 -1.0000000000 2.5800000000
frame 0172  cam_pos=(0.000000, 0.000000, 2.560000)
1.0000000000 -0.0000000000 -0.0000000000 0.0000000000
-0.0000000000 -1.0000000000 -0.0000000000 0.0000000000
0.0000000000 0.0000000000 -1.0000000000 2.5600000000
frame 0173  cam_pos=(0.000000, 0.000000, 2.540000)
1.0000000000 -0.0000000000 -0.0000000000 0.0000000000
-0.0000000000 -1.0000000000 -0.0000000000 0.0000000000
0.0000000000 0.0000000000 -1.0000000000 2.5400000000
frame 0174  cam_pos=(0.000000, 0.000000, 2.520000)
1.0000000000 -0.0000000000 -0.0000000000 0.0000000000
-0.0000000000 -1.0000000000 -0.0000000000 0.0000000000
0.0000000000 0.0000000000 -1.0000000000 2.5200000000
frame 0175  cam_pos=(0.000000, 0.000000, 2.500000)
1.0000000000 -0.0000000000 -0.0000000000 0.0000000000
-0.0000000000 -1.0000000000 -0.0000000000 0.0000000000
0.0000000000 0.0000000000 -1.0000000000 2.5000000000
frame 0176  cam_pos=(0.000000, 0.000000, 2.480000)
1.0000000000 -0.0000000000 -0.0000000000 0.0000000000
-0.0000000000 -1.0000000000 -0.0000000000 0.0000000000
0.0000000000 0.0000000000 -1.0000000000 2.4800000000
frame 0177  cam_pos=(0.000000, 0.000000, 2.460000)
1.0000000000 -0.0000000000 -0.0000000000 0.0000000000
-0.0000000000 -1.0000000000 -0.0000000000 0.0000000000
0.0000000000 0.0000000000 -1.0000000000 2.4600000000
frame 0178  cam_pos=(0.000000, 0.000000, 2.440000)
1.0000000000 -0.0000000000 -0.0000000000 0.0000000000
-0.0000000000 -1.0000000000 -0.0000000000 0.0000000000
0.0000000000 0.0000000000 -1.0000000000 2.4400000000
frame 0179  cam_pos=(0.000000, 0.000000, 2.420000)
1.0000000000 -0.0000000000 -0.0000000000 0.0000000000
-0.0000000000 -1.0000000000 -0.0000000000 0.0000000000
0.0000000000 0.0000000000 -1.0000000000 2.4200000000
frame 0180  cam_pos=(0.000000, 0.000000, 2.400000)
1.0000000000 -0.0000000000 -0.0000000000 0.0000000000
-0.0000000000 -1.0000000000 -0.0000000000 0.0000000000
0.0000000000 0.0000000000 -1.0000000000 2.4000000000
frame 0181  cam_pos=(0.000000, 0.000000, 2.380000)
1.0000000000 -0.0000000000 -0.0000000000 0.0000000000
-0.0000000000 -1.0000000000 -0.0000000000 0.0000000000
0.0000000000 0.0000000000 -1.0000000000 2.3800000000
frame 0182  cam_pos=(0.000000, 0.000000, 2.360000)
1.0000000000 -0.0000000000 -0.0000000000 0.0000000000
-0.0000000000 -1.0000000000 -0.0000000000 0.0000000000
0.0000000000 0.0000000000 -1.0000000000 2.3600000000
frame 0183  cam_pos=(0.000000, 0.000000, 2.340000)
1.0000000000 -0.0000000000 -0.0000000000 0.0000000000
-0.0000000000 -1.0000000000 -0.0000000000 0.0000000000
0.0000000000 0.0000000000 -1.0000000000 2.3400000000
frame 0184  cam_pos=(0.000000, 0.000000, 2.320000)
1.0000000000 -0.0000000000 -0.0000000000 0.0000000000
-0.0000000000 -1.0000000000 -0.0000000000 0.0000000000
0.0000000000 0.0000000000 -1.0000000000 2.3200000000
frame 0185  cam_pos=(0.000000, 0.000000, 2.300000)
1.0000000000 -0.0000000000 -0.0000000000 0.0000000000
-0.0000000000 -1.0000000000 -0.0000000000 0.0000000000
0.0000000000 0.0000000000 -1.0000000000 2.3000000000
frame 0186  cam_pos=(0.000000, 0.000000, 2.280000)
1.0000000000 -0.0000000000 -0.0000000000 0.0000000000
-0.0000000000 -1.0000000000 -0.0000000000 0.0000000000
0.0000000000 0.0000000000 -1.0000000000 2.2800000000
frame 0187  cam_pos=(0.000000, 0.000000, 2.260000)
1.0000000000 -0.0000000000 -0.0000000000 0.0000000000
-0.0000000000 -1.0000000000 -0.0000000000 0.0000000000
0.0000000000 0.0000000000 -1.0000000000 2.2600000000
frame 0188  cam_pos=(0.000000, 0.000000, 2.240000)
1.0000000000 -0.0000000000 -0.0000000000 0.0000000000
-0.0000000000 -1.0000000000 -0.0000000000 0.0000000000
0.0000000000 0.0000000000 -1.0000000000 2.2400000000
frame 0189  cam_pos=(0.000000, 0.000000, 2.220000)
1.0000000000 -0.0000000000 -0.0000000000 0.0000000000
-0.0000000000 -1.0000000000 -0.0000000000 0.0000000000
0.0000000000 0.0000000000 -1.0000000000 2.2200000000
frame 0190  cam_pos=(0.000000, 0.000000, 2.200000)
1.0000000000 -0.0000000000 -0.0000000000 0.0000000000
-0.0000000000 -1.0000000000 -0.0000000000 0.0000000000
0.0000000000 0.0000000000 -1.0000000000 2.2000000000
frame 0191  cam_pos=(0.000000, 0.000000, 2.180000)
1.0000000000 -0.0000000000 -0.0000000000 0.0000000000
-0.0000000000 -1.0000000000 -0.0000000000 0.0000000000
0.0000000000 0.0000000000 -1.0000000000 2.1800000000
frame 0192  cam_pos=(0.000000, 0.000000, 2.160000)
1.0000000000 -0.0000000000 -0.0000000000 0.0000000000
-0.0000000000 -1.0000000000 -0.0000000000 0.0000000000
0.0000000000 0.0000000000 -1.0000000000 2.1600000000
frame 0193  cam_pos=(0.000000, 0.000000, 2.140000)
1.0000000000 -0.0000000000 -0.0000000000 0.0000000000
-0.0000000000 -1.0000000000 -0.0000000000 0.0000000000
0.0000000000 0.0000000000 -1.0000000000 2.1400000000
frame 0194  cam_pos=(0.000000, 0.000000, 2.120000)
1.0000000000 -0.0000000000 -0.0000000000 0.0000000000
-0.0000000000 -1.0000000000 -0.0000000000 0.0000000000
0.0000000000 0.0000000000 -1.0000000000 2.1200000000
frame 0195  cam_pos=(0.000000, 0.000000, 2.100000)
1.0000000000 -0.0000000000 -0.0000000000 0.0000000000
-0.0000000000 -1.0000000000 -0.0000000000 0.0000000000
0.0000000000 0.0000000000 -1.0000000000 2.1000000000
frame 0196  cam_pos=(0.000000, 0.000000, 2.080000)
1.0000000000 -0.0000000000 -0.0000000000 0.0000000000
-0.0000000000 -1.0000000000 -0.0000000000 0.0000000000
0.0000000000 0.0000000000 -1.0000000000 2.0800000000
frame 0197  cam_pos=(0.000000, 0.000000, 2.060000)
1.0000000000 -0.0000000000 -0.0000000000 0.0000000000
-0.0000000000 -1.0000000000 -0.0000000000 0.0000000000
0.0000000000 0.0000000000 -1.0000000000 2.0600000000
frame 0198  cam_pos=(0.000000, 0.000000, 2.040000)
1.0000000000 -0.0000000000 -0.0000000000 0.0000000000
-0.0000000000 -1.0000000000 -0.0000000000 0.0000000000
0.0000000000 0.0000000000 -1.0000000000 2.0400000000
frame 0199  cam_pos=(0.000000, 0.000000, 2.020000)
1.0000000000 -0.0000000000 -0.0000000000 0.0000000000
-0.0000000000 -1.0000000000 -0.0000000000 0.0000000000
0.0000000000 0.0000000000 -1.0000000000 2.0200000000
frame 0200  cam_pos=(0.000000, 0.000000, 2.000000)
1.0000000000 -0.0000000000 -0.0000000000 0.0000000000
-0.0000000000 -1.0000000000 -0.0000000000 0.0000000000
0.0000000000 0.0000000000 -1.0000000000 2.0000000000
frame 0201  cam_pos=(0.000000, 0.000000, 2.020408)
1.0000000000 -0.0000000000 -0.0000000000 0.0000000000
-0.0000000000 -1.0000000000 -0.0000000000 0.0000000000
0.0000000000 0.0000000000 -1.0000000000 2.0204081633
frame 0202  cam_pos=(0.000000, 0.000000, 2.040816)
1.0000000000 -0.0000000000 -0.0000000000 0.0000000000
-0.0000000000 -1.0000000000 -0.0000000000 0.0000000000
0.0000000000 0.0000000000 -1.0000000000 2.0408163265
frame 0203  cam_pos=(0.000000, 0.000000, 2.061224)
1.0000000000 -0.0000000000 -0.0000000000 0.0000000000
-0.0000000000 -1.0000000000 -0.0000000000 0.0000000000
0.0000000000 0.0000000000 -1.0000000000 2.0612244898
frame 0204  cam_pos=(0.000000, 0.000000, 2.081633)
1.0000000000 -0.0000000000 -0.0000000000 0.0000000000
-0.0000000000 -1.0000000000 -0.0000000000 0.0000000000
0.0000000000 0.0000000000 -1.0000000000 2.0816326531
frame 0205  cam_pos=(0.000000, 0.000000, 2.102041)
1.0000000000 -0.0000000000 -0.0000000000 0.0000000000
-0.0000000000 -1.0000000000 -0.0000000000 0.0000000000
0.0000000000 0.0000000000 -1.0000000000 2.1020408163
frame 0206  cam_pos=(0.000000, 0.000000, 2.122449)
1.0000000000 -0.0000000000 -0.0000000000 0.0000000000
-0.0000000000 -1.0000000000 -0.0000000000 0.0000000000
0.0000000000 0.0000000000 -1.0000000000 2.1224489796
frame 0207  cam_pos=(0.000000, 0.000000, 2.142857)
1.0000000000 -0.0000000000 -0.0000000000 0.0000000000
-0.0000000000 -1.0000000000 -0.0000000000 0.0000000000
0.0000000000 0.0000000000 -1.0000000000 2.1428571429
frame 0208  cam_pos=(0.000000, 0.000000, 2.163265)
1.0000000000 -0.0000000000 -0.0000000000 0.0000000000
-0.0000000000 -1.0000000000 -0.0000000000 0.0000000000
0.0000000000 0.0000000000 -1.0000000000 2.1632653061
frame 0209  cam_pos=(0.000000, 0.000000, 2.183673)
1.0000000000 -0.0000000000 -0.0000000000 0.0000000000
-0.0000000000 -1.0000000000 -0.0000000000 0.0000000000
0.0000000000 0.0000000000 -1.0000000000 2.1836734694
frame 0210  cam_pos=(0.000000, 0.000000, 2.204082)
1.0000000000 -0.0000000000 -0.0000000000 0.0000000000
-0.0000000000 -1.0000000000 -0.0000000000 0.0000000000
0.0000000000 0.0000000000 -1.0000000000 2.2040816327
frame 0211  cam_pos=(0.000000, 0.000000, 2.224490)
1.0000000000 -0.0000000000 -0.0000000000 0.0000000000
-0.0000000000 -1.0000000000 -0.0000000000 0.0000000000
0.0000000000 0.0000000000 -1.0000000000 2.2244897959
frame 0212  cam_pos=(0.000000, 0.000000, 2.244898)
1.0000000000 -0.0000000000 -0.0000000000 0.0000000000
-0.0000000000 -1.0000000000 -0.0000000000 0.0000000000
0.0000000000 0.0000000000 -1.0000000000 2.2448979592
frame 0213  cam_pos=(0.000000, 0.000000, 2.265306)
1.0000000000 -0.0000000000 -0.0000000000 0.0000000000
-0.0000000000 -1.0000000000 -0.0000000000 0.0000000000
0.0000000000 0.0000000000 -1.0000000000 2.2653061224
frame 0214  cam_pos=(0.000000, 0.000000, 2.285714)
1.0000000000 -0.0000000000 -0.0000000000 0.0000000000
-0.0000000000 -1.0000000000 -0.0000000000 0.0000000000
0.0000000000 0.0000000000 -1.0000000000 2.2857142857
frame 0215  cam_pos=(0.000000, 0.000000, 2.306122)
1.0000000000 -0.0000000000 -0.0000000000 0.0000000000
-0.0000000000 -1.0000000000 -0.0000000000 0.0000000000
0.0000000000 0.0000000000 -1.0000000000 2.3061224490
frame 0216  cam_pos=(0.000000, 0.000000, 2.326531)
1.0000000000 -0.0000000000 -0.0000000000 0.0000000000
-0.0000000000 -1.0000000000 -0.0000000000 0.0000000000
0.0000000000 0.0000000000 -1.0000000000 2.3265306122
frame 0217  cam_pos=(0.000000, 0.000000, 2.346939)
1.0000000000 -0.0000000000 -0.0000000000 0.0000000000
-0.0000000000 -1.0000000000 -0.0000000000 0.0000000000
0.0000000000 0.0000000000 -1.0000000000 2.3469387755
frame 0218  cam_pos=(0.000000, 0.000000, 2.367347)
1.0000000000 -0.0000000000 -0.0000000000 0.0000000000
-0.0000000000 -1.0000000000 -0.0000000000 0.0000000000
0.0000000000 0.0000000000 -1.0000000000 2.3673469388
frame 0219  cam_pos=(0.000000, 0.000000, 2.387755)
1.0000000000 -0.0000000000 -0.0000000000 0.0000000000
-0.0000000000 -1.0000000000 -0.0000000000 0.0000000000
0.0000000000 0.0000000000 -1.0000000000 2.3877551020
frame 0220  cam_pos=(0.000000, 0.000000, 2.408163)
1.0000000000 -0.0000000000 -0.0000000000 0.0000000000
-0.0000000000 -1.0000000000 -0.0000000000 0.0000000000
0.0000000000 0.0000000000 -1.0000000000 2.4081632653
frame 0221  cam_pos=(0.000000, 0.000000, 2.428571)
1.0000000000 -0.0000000000 -0.0000000000 0.0000000000
-0.0000000000 -1.0000000000 -0.0000000000 0.0000000000
0.0000000000 0.0000000000 -1.0000000000 2.4285714286
frame 0222  cam_pos=(0.000000, 0.000000, 2.448980)
1.0000000000 -0.0000000000 -0.0000000000 0.0000000000
-0.0000000000 -1.0000000000 -0.0000000000 0.0000000000
0.0000000000 0.0000000000 -1.0000000000 2.4489795918
frame 0223  cam_pos=(0.000000, 0.000000, 2.469388)
1.0000000000 -0.0000000000 -0.0000000000 0.0000000000
-0.0000000000 -1.0000000000 -0.0000000000 0.0000000000
0.0000000000 0.0000000000 -1.0000000000 2.4693877551
frame 0224  cam_pos=(0.000000, 0.000000, 2.489796)
1.0000000000 -0.0000000000 -0.0000000000 0.0000000000
-0.0000000000 -1.0000000000 -0.0000000000 0.0000000000
0.0000000000 0.0000000000 -1.0000000000 2.4897959184
frame 0225  cam_pos=(0.000000, 0.000000, 2.510204)
1.0000000000 -0.0000000000 -0.0000000000 0.0000000000
-0.0000000000 -1.0000000000 -0.0000000000 0.0000000000
0.0000000000 0.0000000000 -1.0000000000 2.5102040816
frame 0226  cam_pos=(0.000000, 0.000000, 2.530612)
1.0000000000 -0.0000000000 -0.0000000000 0.0000000000
-0.0000000000 -1.0000000000 -0.0000000000 0.0000000000
0.0000000000 0.0000000000 -1.0000000000 2.5306122449
frame 0227  cam_pos=(0.000000, 0.000000, 2.551020)
1.0000000000 -0.0000000000 -0.0000000000 0.0000000000
-0.0000000000 -1.0000000000 -0.0000000000 0.0000000000
0.0000000000 0.0000000000 -1.0000000000 2.5510204082
frame 0228  cam_pos=(0.000000, 0.000000, 2.571429)
1.0000000000 -0.0000000000 -0.0000000000 0.0000000000
-0.0000000000 -1.0000000000 -0.0000000000 0.0000000000
0.0000000000 0.0000000000 -1.0000000000 2.5714285714
frame 0229  cam_pos=(0.000000, 0.000000, 2.591837)
1.0000000000 -0.0000000000 -0.0000000000 0.0000000000
-0.0000000000 -1.0000000000 -0.0000000000 0.0000000000
0.0000000000 0.0000000000 -1.0000000000 2.5918367347
frame 0230  cam_pos=(0.000000, 0.000000, 2.612245)
1.0000000000 -0.0000000000 -0.0000000000 0.0000000000
-0.0000000000 -1.0000000000 -0.0000000000 0.0000000000
0.0000000000 0.0000000000 -1.0000000000 2.6122448980
frame 0231  cam_pos=(0.000000, 0.000000, 2.632653)
1.0000000000 -0.0000000000 -0.0000000000 0.0000000000
-0.0000000000 -1.0000000000 -0.0000000000 0.0000000000
0.0000000000 0.0000000000 -1.0000000000 2.6326530612
frame 0232  cam_pos=(0.000000, 0.000000, 2.653061)
1.0000000000 -0.0000000000 -0.0000000000 0.0000000000
-0.0000000000 -1.0000000000 -0.0000000000 0.0000000000
0.0000000000 0.0000000000 -1.0000000000 2.6530612245
frame 0233  cam_pos=(0.000000, 0.000000, 2.673469)
1.0000000000 -0.0000000000 -0.0000000000 0.0000000000
-0.0000000000 -1.0000000000 -0.0000000000 0.0000000000
0.0000000000 0.0000000000 -1.0000000000 2.6734693878
frame 0234  cam_pos=(0.000000, 0.000000, 2.693878)
1.0000000000 -0.0000000000 -0.0000000000 0.0000000000
-0.0000000000 -1.0000000000 -0.0000000000 0.0000000000
0.0000000000 0.0000000000 -1.0000000000 2.6938775510
frame 0235  cam_pos=(0.000000, 0.000000, 2.714286)
1.0000000000 -0.0000000000 -0.0000000000 0.0000000000
-0.0000000000 -1.0000000000 -0.0000000000 0.0000000000
0.0000000000 0.0000000000 -1.0000000000 2.7142857143
frame 0236  cam_pos=(0.000000, 0.000000, 2.734694)
1.0000000000 -0.0000000000 -0.0000000000 0.0000000000
-0.0000000000 -1.0000000000 -0.0000000000 0.0000000000
0.0000000000 0.0000000000 -1.0000000000 2.7346938776
frame 0237  cam_pos=(0.000000, 0.000000, 2.755102)
1.0000000000 -0.0000000000 -0.0000000000 0.0000000000
-0.0000000000 -1.0000000000 -0.0000000000 0.0000000000
0.0000000000 0.0000000000 -1.0000000000 2.7551020408
frame 0238  cam_pos=(0.000000, 0.000000, 2.775510)
1.0000000000 -0.0000000000 -0.0000000000 0.0000000000
-0.0000000000 -1.0000000000 -0.0000000000 0.0000000000
0.0000000000 0.0000000000 -1.0000000000 2.7755102041
frame 0239  cam_pos=(0.000000, 0.000000, 2.795918)
1.0000000000 -0.0000000000 -0.0000000000 0.0000000000
-0.0000000000 -1.0000000000 -0.0000000000 0.0000000000
0.0000000000 0.0000000000 -1.0000000000 2.7959183673
frame 0240  cam_pos=(0.000000, 0.000000, 2.816327)
1.0000000000 -0.0000000000 -0.0000000000 0.0000000000
-0.0000000000 -1.0000000000 -0.0000000000 0.0000000000
0.0000000000 0.0000000000 -1.0000000000 2.8163265306
frame 0241  cam_pos=(0.000000, 0.000000, 2.836735)
1.0000000000 -0.0000000000 -0.0000000000 0.0000000000
-0.0000000000 -1.0000000000 -0.0000000000 0.0000000000
0.0000000000 0.0000000000 -1.0000000000 2.8367346939
frame 0242  cam_pos=(0.000000, 0.000000, 2.857143)
1.0000000000 -0.0000000000 -0.0000000000 0.0000000000
-0.0000000000 -1.0000000000 -0.0000000000 0.0000000000
0.0000000000 0.0000000000 -1.0000000000 2.8571428571
frame 0243  cam_pos=(0.000000, 0.000000, 2.877551)
1.0000000000 -0.0000000000 -0.0000000000 0.0000000000
-0.0000000000 -1.0000000000 -0.0000000000 0.0000000000
0.0000000000 0.0000000000 -1.0000000000 2.8775510204
frame 0244  cam_pos=(0.000000, 0.000000, 2.897959)
1.0000000000 -0.0000000000 -0.0000000000 0.0000000000
-0.0000000000 -1.0000000000 -0.0000000000 0.0000000000
0.0000000000 0.0000000000 -1.0000000000 2.8979591837
frame 0245  cam_pos=(0.000000, 0.000000, 2.918367)
1.0000000000 -0.0000000000 -0.0000000000 0.0000000000
-0.0000000000 -1.0000000000 -0.0000000000 0.0000000000
0.0000000000 0.0000000000 -1.0000000000 2.9183673469
frame 0246  cam_pos=(0.000000, 0.000000, 2.938776)
1.0000000000 -0.0000000000 -0.0000000000 0.0000000000
-0.0000000000 -1.0000000000 -0.0000000000 0.0000000000
0.0000000000 0.0000000000 -1.0000000000 2.9387755102
frame 0247  cam_pos=(0.000000, 0.000000, 2.959184)
1.0000000000 -0.0000000000 -0.0000000000 0.0000000000
-0.0000000000 -1.0000000000 -0.0000000000 0.0000000000
0.0000000000 0.0000000000 -1.0000000000 2.9591836735
frame 0248  cam_pos=(0.000000, 0.000000, 2.979592)
1.0000000000 -0.0000000000 -0.0000000000 0.0000000000
-0.0000000000 -1.0000000000 -0.0000000000 0.0000000000
0.0000000000 0.0000000000 -1.0000000000 2.9795918367
frame 0249  cam_pos=(0.000000, 0.000000, 3.000000)
1.0000000000 -0.0000000000 -0.0000000000 0.0000000000
-0.0000000000 -1.0000000000 -0.0000000000 0.0000000000
0.0000000000 0.0000000000 -1.0000000000 3.0000000000
