frame 0000: (775.6098, 956.0786) (1212.7660, 902.9622) (1088.1356, 829.1394) (735.8491, 861.8721)
frame 0001: (773.9298, 956.6564) (1213.2369, 904.2423) (1089.4338, 829.8337) (736.0811, 862.0728)
frame 0002: (772.2569, 957.2122) (1213.6913, 905.5184) (1090.7345, 830.5249) (736.3314, 862.2618)
frame 0003: (770.5917, 957.7459) (1214.1286, 906.7903) (1092.0375, 831.2127) (736.5999, 862.4390)
frame 0004: (768.9346, 958.2571) (1214.5486, 908.0575) (1093.3425, 831.8972) (736.8867, 862.6045)
frame 0005: (767.2862, 958.7456) (1214.9508, 909.3199) (1094.6494, 832.5781) (737.1920, 862.7580)
frame 0006: (765.6472, 959.2110) (1215.3349, 910.5769) (1095.9577, 833.2553) (737.5157, 862.8997)
frame 0007: (764.0181, 959.6532) (1215.7003, 911.8284) (1097.2674, 833.9287) (737.8579, 863.0294)
frame 0008: (762.3995, 960.0719) (1216.0469, 913.0740) (1098.5780, 834.5982) (738.2187, 863.1471)
frame 0009: (760.7919, 960.4668) (1216.3741, 914.3132) (1099.8895, 835.2636) (738.5981, 863.2528)
frame 0010: (759.1960, 960.8378) (1216.6816, 915.5458) (1101.2014, 835.9248) (738.9961, 863.3464)
frame 0011: (757.6122, 961.1845) (1216.9690, 916.7714) (1102.5136, 836.5817) (739.4128, 863.4279)
frame 0012: (756.0412, 961.5069) (1217.2360, 917.9896) (1103.8257, 837.2341) (739.8481, 863.4972)
frame 0013: (754.4835, 961.8047) (1217.4821, 919.2001) (1105.1374, 837.8819) (740.3020, 863.5544)
frame 0014: (752.9397, 962.0777) (1217.7071, 920.4025) (1106.4486, 838.5250) (740.7746, 863.5995)
frame 0015: (751.4104, 962.3258) (1217.9104, 921.5963) (1107.7588, 839.1633) (741.2658, 863.6323)
frame 0016: (749.8961, 962.5488) (1218.0919, 922.7813) (1109.0678, 839.7965) (741.7756, 863.6530)
frame 0017: (748.3974, 962.7466) (1218.2511, 923.9571) (1110.3753, 840.4246) (742.3040, 863.6615)
frame 0018: (746.9147, 962.9190) (1218.3876, 925.1232) (1111.6810, 841.0474) (742.8509, 863.6578)
frame 0019: (745.4488, 963.0659) (1218.5012, 926.2793) (1112.9846, 841.6648) (743.4162, 863.6419)
frame 0020: (744.0000, 963.1872) (1218.5915, 927.4249) (1114.2857, 842.2766) (744.0000, 863.6138)
frame 0021: (742.5689, 963.2829) (1218.6582, 928.5598) (1115.5841, 842.8827) (744.6021, 863.5735)
frame 0022: (741.1561, 963.3528) (1218.7010, 929.6834) (1116.8795, 843.4830) (745.2224, 863.5211)
frame 0023: (739.7621, 963.3969) (1218.7195, 930.7954) (1118.1715, 844.0772) (745.8610, 863.4566)
frame 0024: (738.3873, 963.4151) (1218.7135, 931.8953) (1119.4599, 844.6653) (746.5176, 863.3800)
frame 0025: (737.0323, 963.4074) (1218.6826, 932.9829) (1120.7442, 845.2472) (747.1921, 863.2913)
frame 0026: (735.6975, 963.3737) (1218.6267, 934.0576) (1122.0242, 845.8226) (747.8845, 863.1906)
frame 0027: (734.3834, 963.3141) (1218.5453, 935.1191) (1123.2995, 846.3914) (748.5947, 863.0779)
frame 0028: (733.0905, 963.2286) (1218.4383, 936.1669) (1124.5699, 846.9535) (749.3224, 862.9533)
frame 0029: (731.8192, 963.1172) (1218.3054, 937.2007) (1125.8349, 847.5088) (750.0676, 862.8168)
frame 0030: (730.5699, 962.9799) (1218.1463, 938.2201) (1127.0943, 848.0570) (750.8300, 862.6684)
frame 0031: (729.3432, 962.8167) (1217.9609, 939.2245) (1128.3478, 848.5981) (751.6097, 862.5083)
frame 0032: (728.1394, 962.6277) (1217.7490, 940.2138) (1129.5949, 849.1319) (752.4063, 862.3364)
frame 0033: (726.9589, 962.4131) (1217.5102, 941.1874) (1130.8354, 849.6582) (753.2197, 862.1529)
frame 0034: (725.8020, 962.1728) (1217.2445, 942.1449) (1132.0689, 850.1770) (754.0497, 861.9577)
frame 0035: (724.6693, 961.9071) (1216.9517, 943.0859) (1133.2951, 850.6880) (754.8961, 861.7511)
frame 0036: (723.5609, 961.6159) (1216.6315, 944.0102) (1134.5137, 851.1912) (755.7588, 861.5330)
frame 0037: (722.4773, 961.2995) (1216.2840, 944.9171) (1135.7243, 851.6863) (756.6375, 861.3036)
frame 0038: (721.4188, 960.9579) (1215.9088, 945.8065) (1136.9266, 852.1732) (757.5320, 861.0628)
frame 0039: (720.3857, 960.5914) (1215.5060, 946.6778) (1138.1203, 852.6519) (758.4421, 860.8109)
frame 0040: (719.3782, 960.2001) (1215.0754, 947.5308) (1139.3050, 853.1221) (759.3676, 860.5479)
frame 0041: (718.3968, 959.7842) (1214.6169, 948.3649) (1140.4804, 853.5837) (760.3082, 860.2739)
frame 0042: (717.4415, 959.3438) (1214.1305, 949.1800) (1141.6463, 854.0366) (761.2636, 859.9890)
frame 0043: (716.5127, 958.8793) (1213.6161, 949.9755) (1142.8021, 854.4806) (762.2337, 859.6932)
frame 0044: (715.6107, 958.3907) (1213.0736, 950.7512) (1143.9477, 854.9157) (763.2182, 859.3868)
frame 0045: (714.7355, 957.8784) (1212.5032, 951.5067) (1145.0828, 855.3415) (764.2167, 859.0697)
frame 0046: (713.8874, 957.3426) (1211.9047, 952.2416) (1146.2069, 855.7582) (765.2292, 858.7422)
frame 0047: (713.0666, 956.7835) (1211.2781, 952.9557) (1147.3198, 856.1654) (766.2552, 858.4043)
frame 0048: (712.2732, 956.2014) (1210.6236, 953.6485) (1148.4212, 856.5631) (767.2945, 858.0561)
frame 0049: (711.5074, 955.5965) (1209.9411, 954.3198) (1149.5108, 856.9512) (768.3467, 857.6978)
frame 0050: (710.7692, 954.9692) (1209.2308, 954.9692) (1150.5882, 857.3294) (769.4118, 857.3294)
frame 0051: (710.0589, 954.3198) (1208.4926, 955.5965) (1151.6533, 857.6978) (770.4892, 856.9512)
frame 0052: (709.3764, 953.6485) (1207.7268, 956.2014) (1152.7055, 858.0561) (771.5788, 856.5631)
frame 0053: (708.7219, 952.9557) (1206.9334, 956.7835) (1153.7448, 858.4043) (772.6802, 856.1654)
frame 0054: (708.0953, 952.2416) (1206.1126, 957.3426) (1154.7708, 858.7422) (773.7931, 855.7582)
frame 0055: (707.4968, 951.5067) (1205.2645, 957.8784) (1155.7833, 859.0697) (774.9172, 855.3415)
frame 0056: (706.9264, 950.7512) (1204.3893, 958.3907) (1156.7818, 859.3868) (776.0523, 854.9157)
frame 0057: (706.3839, 949.9755) (1203.4873, 958.8793) (1157.7663, 859.6932) (777.1979, 854.4806)
frame 0058: (705.8695, 949.1800) (1202.5585, 959.3438) (1158.7364, 859.9890) (778.3537, 854.0366)
frame 0059: (705.3831, 948.3649) (1201.6032, 959.7842) (1159.6918, 860.2739) (779.5196, 853.5837)
frame 0060: (704.9246, 947.5308) (1200.6218, 960.2001) (1160.6324, 860.5479) (780.6950, 853.1221)
frame 0061: (704.4940, 946.6778) (1199.6143, 960.5914) (1161.5579, 860.8109) (781.8797, 852.6519)
frame 0062: (704.0912, 945.8065) (1198.5812, 960.9579) (1162.4680, 861.0628) (783.0734, 852.1732)
frame 0063: (703.7160, 944.9171) (1197.5227, 961.2995) (1163.3625, 861.3036) (784.2757, 851.6863)
frame 0064: (703.3685, 944.0102) (1196.4391, 961.6159) (1164.2412, 861.5330) (785.4863, 851.1912)
frame 0065: (703.0483, 943.0859) (1195.3307, 961.9071) (1165.1039, 861.7511) (786.7049, 850.6880)
frame 0066: (702.7555, 942.1449) (1194.1980, 962.1728) (1165.9503, 861.9577) (787.9311, 850.1770)
frame 0067: (702.4898, 941.1874) (1193.0411, 962.4131) (1166.7803, 862.1529) (789.1646, 849.6582)
frame 0068: (702.2510, 940.2138) (1191.8606, 962.6277) (1167.5937, 862.3364) (790.4051, 849.1319)
frame 0069: (702.0391, 939.2245) (1190.6568, 962.8167) (1168.3903, 862.5083) (791.6522, 848.5981)
frame 0070: (701.8537, 938.2201) (1189.4301, 962.9799) (1169.1700, 862.6684) (792.9057, 848.0570)
frame 0071: (701.6946, 937.2007) (1188.1808, 963.1172) (1169.9324, 862.8168) (794.1651, 847.5088)
frame 0072: (701.5617, 936.1669) (1186.9095, 963.2286) (1170.6776, 862.9533) (795.4301, 846.9535)
frame 0073: (701.4547, 935.1191) (1185.6166, 963.3141) (1171.4053, 863.0779) (796.7005, 846.3914)
frame 0074: (701.3733, 934.0576) (1184.3025, 963.3737) (1172.1155, 863.1906) (797.9758, 845.8226)
frame 0075: (701.3174, 932.9829) (1182.9677, 963.4074) (1172.8079, 863.2913) (799.2558, 845.2472)
frame 0076: (701.2865, 931.8953) (1181.6127, 963.4151) (1173.4824, 863.3800) (800.5401, 844.6653)
frame 0077: (701.2805, 930.7954) (1180.2379, 963.3969) (1174.1390, 863.4566) (801.8285, 844.0772)
frame 0078: (701.2990, 929.6834) (1178.8439, 963.3528) (1174.7776, 863.5211) (803.1205, 843.4830)
frame 0079: (701.3418, 928.5598) (1177.4311, 963.2829) (1175.3979, 863.5735) (804.4159, 842.8827)
frame 0080: (701.4085, 927.4249) (1176.0000, 963.1872) (1176.0000, 863.6138) (805.7143, 842.2766)
frame 0081: (701.4988, 926.2793) (1174.5512, 963.0659) (1176.5838, 863.6419) (807.0154, 841.6648)
frame 0082: (701.6124, 925.1232) (1173.0853, 962.9190) (1177.1491, 863.6578) (808.3190, 841.0474)
frame 0083: (701.7489, 923.9571) (1171.6026, 962.7466) (1177.6960, 863.6615) (809.6247, 840.4246)
frame 0084: (701.9081, 922.7813) (1170.1039, 962.5488) (1178.2244, 863.6530) (810.9322, 839.7965)
frame 0085: (702.0896, 921.5963) (1168.5896, 962.3258) (1178.7342, 863.6323) (812.2412, 839.1633)
frame 0086: (702.2929, 920.4025) (1167.0603, 962.0777) (1179.2254, 863.5995) (813.5514, 838.5250)
frame 0087: (702.5179, 919.2001) (1165.5165, 961.8047) (1179.6980, 863.5544) (814.8626, 837.8819)
frame 0088: (702.7640, 917.9896) (1163.9588, 961.5069) (1180.1519, 863.4972) (816.1743, 837.2341)
frame 0089: (703.0310, 916.7714) (1162.3878, 961.1845) (1180.5872, 863.4279) (817.4864, 836.5817)
frame 0090: (703.3184, 915.5458) (1160.8040, 960.8378) (1181.0039, 863.3464) (818.7986, 835.9248)
frame 0091: (703.6259, 914.3132) (1159.2081, 960.4668) (1181.4019, 863.2528) (820.1105, 835.2636)
frame 0092: (703.9531, 913.0740) (1157.6005, 960.0719) (1181.7813, 863.1471) (821.4220, 834.5982)
frame 0093: (704.2997, 911.8284) (1155.9819, 959.6532) (1182.1421, 863.0294) (822.7326, 833.9287)
frame 0094: (704.6651, 910.5769) (1154.3528, 959.2110) (1182.4843, 862.8997) (824.0423, 833.2553)
frame 0095: (705.0492, 909.3199) (1152.7138, 958.7456) (1182.8080, 862.7580) (825.3506, 832.5781)
frame 0096: (705.4514, 908.0575) (1151.0654, 958.2571) (1183.1133, 862.6045) (826.6575, 831.8972)
frame 0097: (705.8714, 906.7903) (1149.4083, 957.7459) (1183.4001, 862.4390) (827.9625, 831.2127)
frame 0098: (706.3087, 905.5184) (1147.7431, 957.2122) (1183.6686, 862.2618) (829.2655, 830.5249)
frame 0099: (706.7631, 904.2423) (1146.0702, 956.6564) (1183.9189, 862.0728) (830.5662, 829.8337)
frame 0100: (707.2340, 902.9622) (1144.3902, 956.0786) (1184.1509, 861.8721) (831.8644, 829.1394)
frame 0101: (706.7631, 904.2423) (1146.0702, 956.6564) (1183.9189, 862.0728) (830.5662, 829.8337)
frame 0102: (706.3087, 905.5184) (1147.7431, 957.2122) (1183.6686, 862.2618) (829.2655, 830.5249)
frame 0103: (705.8714, 906.7903) (1149.4083, 957.7459) (1183.4001, 862.4390) (827.9625, 831.2127)
frame 0104: (705.4514, 908.0575) (1151.0654, 958.2571) (1183.1133, 862.6045) (826.6575, 831.8972)
frame 0105: (705.0492, 909.3199) (1152.7138, 958.7456) (1182.8080, 862.7580) (825.3506, 832.5781)
frame 0106: (704.6651, 910.5769) (1154.3528, 959.2110) (1182.4843, 862.8997) (824.0423, 833.2553)
frame 0107: (704.2997, 911.8284) (1155.9819, 959.6532) (1182.1421, 863.0294) (822.7326, 833.9287)
frame 0108: (703.9531, 913.0740) (1157.6005, 960.0719) (1181.7813, 863.1471) (821.4220, 834.5982)
frame 0109: (703.6259, 914.3132) (1159.2081, 960.4668) (1181.4019, 863.2528) (820.1105, 835.2636)
frame 0110: (703.3184, 915.5458) (1160.8040, 960.8378) (1181.0039, 863.3464) (818.7986, 835.9248)
frame 0111: (703.0310, 916.7714) (1162.3878, 961.1845) (1180.5872, 863.4279) (817.4864, 836.5817)
frame 0112: (702.7640, 917.9896) (1163.9588, 961.5069) (1180.1519, 863.4972) (816.1743, 837.2341)
frame 0113: (702.5179, 919.2001) (1165.5165, 961.8047) (1179.6980, 863.5544) (814.8626, 837.8819)
frame 0114: (702.2929, 920.4025) (1167.0603, 962.0777) (1179.2254, 863.5995) (813.5514, 838.5250)
frame 0115: (702.0896, 921.5963) (1168.5896, 962.3258) (1178.7342, 863.6323) (812.2412, 839.1633)
frame 0116: (701.9081, 922.7813) (1170.1039, 962.5488) (1178.2244, 863.6530) (810.9322, 839.7965)
frame 0117: (701.7489, 923.9571) (1171.6026, 962.7466) (1177.6960, 863.6615) (809.6247, 840.4246)
frame 0118: (701.6124, 925.1232) (1173.0853, 962.9190) (1177.1491, 863.6578) (808.3190, 841.0474)
frame 0119: (701.4988, 926.2793) (1174.5512, 963.0659) (1176.5838, 863.6419) (807.0154, 841.6648)
frame 0120: (701.4085, 927.4249) (1176.0000, 963.1872) (1176.0000, 863.6138) (805.7143, 842.2766)
frame 0121: (701.3418, 928.5598) (1177.4311, 963.2829) (1175.3979, 863.5735) (804.4159, 842.8827)
frame 0122: (701.2990, 929.6834) (1178.8439, 963.3528) (1174.7776, 863.5211) (803.1205, 843.4830)
frame 0123: (701.2805, 930.7954) (1180.2379, 963.3969) (1174.1390, 863.4566) (801.8285, 844.0772)
frame 0124: (701.2865, 931.8953) (1181.6127, 963.4151) (1173.4824, 863.3800) (800.5401, 844.6653)
frame 0125: (701.3174, 932.9829) (1182.9677, 963.4074) (1172.8079, 863.2913) (799.2558, 845.2472)
frame 0126: (701.3733, 934.0576) (1184.3025, 963.3737) (1172.1155, 863.1906) (797.9758, 845.8226)
frame 0127: (701.4547, 935.1191) (1185.6166, 963.3141) (1171.4053, 863.0779) (796.7005, 846.3914)
frame 0128: (701.5617, 936.1669) (1186.9095, 963.2286) (1170.6776, 862.9533) (795.4301, 846.9535)
frame 0129: (701.6946, 937.2007) (1188.1808, 963.1172) (1169.9324, 862.8168) (794.1651, 847.5088)
frame 0130: (701.8537, 938.2201) (1189.4301, 962.9799) (1169.1700, 862.6684) (792.9057, 848.0570)
frame 0131: (702.0391, 939.2245) (1190.6568, 962.8167) (1168.3903, 862.5083) (791.6522, 848.5981)
frame 0132: (702.2510, 940.2138) (1191.8606, 962.6277) (1167.5937, 862.3364) (790.4051, 849.1319)
frame 0133: (702.4898, 941.1874) (1193.0411, 962.4131) (1166.7803, 862.1529) (789.1646, 849.6582)
frame 0134: (702.7555, 942.1449) (1194.1980, 962.1728) (1165.9503, 861.9577) (787.9311, 850.1770)
frame 0135: (703.0483, 943.0859) (1195.3307, 961.9071) (1165.1039, 861.7511) (786.7049, 850.6880)
frame 0136: (703.3685, 944.0102) (1196.4391, 961.6159) (1164.2412, 861.5330) (785.4863, 851.1912)
frame 0137: (703.7160, 944.9171) (1197.5227, 961.2995) (1163.3625, 861.3036) (784.2757, 851.6863)
frame 0138: (704.0912, 945.8065) (1198.5812, 960.9579) (1162.4680, 861.0628) (783.0734, 852.1732)
frame 0139: (704.4940, 946.6778) (1199.6143, 960.5914) (1161.5579, 860.8109) (781.8797, 852.6519)
frame 0140: (704.9246, 947.5308) (1200.6218, 960.2001) (1160.6324, 860.5479) (780.6950, 853.1221)
frame 0141: (705.3831, 948.3649) (1201.6032, 959.7842) (1159.6918, 860.2739) (779.5196, 853.5837)
frame 0142: (705.8695, 949.1800) (1202.5585, 959.3438) (1158.7364, 859.9890) (778.3537, 854.0366)
frame 0143: (706.3839, 949.9755) (1203.4873, 958.8793) (1157.7663, 859.6932) (777.1979, 854.4806)
frame 0144: (706.9264, 950.7512) (1204.3893, 958.3907) (1156.7818, 859.3868) (776.0523, 854.9157)
frame 0145: (707.4968, 951.5067) (1205.2645, 957.8784) (1155.7833, 859.0697) (774.9172, 855.3415)
frame 0146: (708.0953, 952.2416) (1206.1126, 957.3426) (1154.7708, 858.7422) (773.7931, 855.7582)
frame 0147: (708.7219, 952.9557) (1206.9334, 956.7835) (1153.7448, 858.4043) (772.6802, 856.1654)
frame 0148: (709.3764, 953.6485) (1207.7268, 956.2014) (1152.7055, 858.0561) (771.5788, 856.5631)
frame 0149: (710.0589, 954.3198) (1208.4926, 955.5965) (1151.6533, 857.6978) (770.4892, 856.9512)
frame 0150: (710.7692, 954.9692) (1209.2308, 954.9692) (1150.5882, 857.3294) (769.4118, 857.3294)
frame 0151: (708.8372, 958.1860) (1211.1628, 958.1860) (1151.7160, 859.2071) (768.2840, 859.2071)
frame 0152: (706.8750, 961.4531) (1213.1250, 961.4531) (1152.8571, 861.1071) (767.1429, 861.1071)
frame 0153: (704.8819, 964.7717) (1215.1181, 964.7717) (1154.0120, 863.0299) (765.9880, 863.0299)
frame 0154: (702.8571, 968.1429) (1217.1429, 968.1429) (1155.1807, 864.9759) (764.8193, 864.9759)
frame 0155: (700.8000, 971.5680) (1219.2000, 971.5680) (1156.3636, 866.9455) (763.6364, 866.9455)
frame 0156: (698.7097, 975.0484) (1221.2903, 975.0484) (1157.5610, 868.9390) (762.4390, 868.9390)
frame 0157: (696.5854, 978.5854) (1223.4146, 978.5854) (1158.7730, 870.9571) (761.2270, 870.9571)
frame 0158: (694.4262, 982.1803) (1225.5738, 982.1803) (1160.0000, 873.0000) (760.0000, 873.0000)
frame 0159: (692.2314, 985.8347) (1227.7686, 985.8347) (1161.2422, 875.0683) (758.7578, 875.0683)
frame 0160: (690.0000, 989.5500) (1230.0000, 989.5500) (1162.5000, 877.1625) (757.5000, 877.1625)
frame 0161: (687.7311, 993.3277) (1232.2689, 993.3277) (1163.7736, 879.2830) (756.2264, 879.2830)
frame 0162: (685.4237, 997.1695) (1234.5763, 997.1695) (1165.0633, 881.4304) (754.9367, 881.4304)
frame 0163: (683.0769, 1001.0769) (1236.9231, 1001.0769) (1166.3694, 883.6051) (753.6306, 883.6051)
frame 0164: (680.6897, 1005.0517) (1239.3103, 1005.0517) (1167.6923, 885.8077) (752.3077, 885.8077)
frame 0165: (678.2609, 1009.0957) (1241.7391, 1009.0957) (1169.0323, 888.0387) (750.9677, 888.0387)
frame 0166: (675.7895, 1013.2105) (1244.2105, 1013.2105) (1170.3896, 890.2987) (749.6104, 890.2987)
frame 0167: (673.2743, 1017.3982) (1246.7257, 1017.3982) (1171.7647, 892.5882) (748.2353, 892.5882)
frame 0168: (670.7143, 1021.6607) (1249.2857, 1021.6607) (1173.1579, 894.9079) (746.8421, 894.9079)
frame 0169: (668.1081, 1026.0000) (1251.8919, 1026.0000) (1174.5695, 897.2583) (745.4305, 897.2583)
frame 0170: (665.4545, 1030.4182) (1254.5455, 1030.4182) (1176.0000, 899.6400) (744.0000, 899.6400)
frame 0171: (662.7523, 1034.9174) (1257.2477, 1034.9174) (1177.4497, 902.0537) (742.5503, 902.0537)
frame 0172: (660.0000, 1039.5000) (1260.0000, 1039.5000) (1178.9189, 904.5000) (741.0811, 904.5000)
frame 0173: (657.1963, 1044.1682) (1262.8037, 1044.1682) (1180.4082, 906.9796) (739.5918, 906.9796)
frame 0174: (654.3396, 1048.9245) (1265.6604, 1048.9245) (1181.9178, 909.4932) (738.0822, 909.4932)
frame 0175: (651.4286, 1053.7714) (1268.5714, 1053.7714) (1183.4483, 912.0414) (736.5517, 912.0414)
frame 0176: (648.4615, 1058.7115) (1271.5385, 1058.7115) (1185.0000, 914.6250) (735.0000, 914.6250)
frame 0177: (645.4369, 1063.7476) (1274.5631, 1063.7476) (1186.5734, 917.2448) (733.4266, 917.2448)
frame 0178: (642.3529, 1068.8824) (1277.6471, 1068.8824) (1188.1690, 919.9014) (731.8310, 919.9014)
frame 0179: (639.2079, 1074.1188) (1280.7921, 1074.1188) (1189.7872, 922.5957) (730.2128, 922.5957)
frame 0180: (636.0000, 1079.4600) (1284.0000, 1079.4600) (1191.4286, 925.3286) (728.5714, 925.3286)
frame 0181: (632.7273, 1084.9091) (1287.2727, 1084.9091) (1193.0935, 928.1007) (726.9065, 928.1007)
frame 0182: (629.3878, 1090.4694) (1290.6122, 1090.4694) (1194.7826, 930.9130) (725.2174, 930.9130)
frame 0183: (625.9794, 1096.1443) (1294.0206, 1096.1443) (1196.4964, 933.7664) (723.5036, 933.7664)
frame 0184: (622.5000, 1101.9375) (1297.5000, 1101.9375) (1198.2353, 936.6618) (721.7647, 936.6618)
frame 0185: (618.9474, 1107.8526) (1301.0526, 1107.8526) (1200.0000, 939.6000) (720.0000, 939.6000)
frame 0186: (615.3191, 1113.8936) (1304.6809, 1113.8936) (1201.7910, 942.5821) (718.2090, 942.5821)
frame 0187: (611.6129, 1120.0645) (1308.3871, 1120.0645) (1203.6090, 945.6090) (716.3910, 945.6090)
frame 0188: (607.8261, 1126.3696) (1312.1739, 1126.3696) (1205.4545, 948.6818) (714.5455, 948.6818)
frame 0189: (603.9560, 1132.8132) (1316.0440, 1132.8132) (1207.3282, 951.8015) (712.6718, 951.8015)
frame 0190: (600.0000, 1139.4000) (1320.0000, 1139.4000) (1209.2308, 954.9692) (710.7692, 954.9692)
frame 0191: (595.9551, 1146.1348) (1324.0449, 1146.1348) (1211.1628, 958.1860) (708.8372, 958.1860)
frame 0192: (591.8182, 1153.0227) (1328.1818, 1153.0227) (1213.1250, 961.4531) (706.8750, 961.4531)
frame 0193: (587.5862, 1160.0690) (1332.4138, 1160.0690) (1215.1181, 964.7717) (704.8819, 964.7717)
frame 0194: (583.2558, 1167.2791) (1336.7442, 1167.2791) (1217.1429, 968.1429) (702.8571, 968.1429)
frame 0195: (578.8235, 1174.6588) (1341.1765, 1174.6588) (1219.2000, 971.5680) (700.8000, 971.5680)
frame 0196: (574.2857, 1182.2143) (1345.7143, 1182.2143) (1221.2903, 975.0484) (698.7097, 975.0484)
frame 0197: (569.6386, 1189.9518) (1350.3614, 1189.9518) (1223.4146, 978.5854) (696.5854, 978.5854)
frame 0198: (564.8780, 1197.8780) (1355.1220, 1197.8780) (1225.5738, 982.1803) (694.4262, 982.1803)
frame 0199: (560.0000, 1206.0000) (1360.0000, 1206.0000) (1227.7686, 985.8347) (692.2314, 985.8347)
frame 0200: (555.0000, 1214.3250) (1365.0000, 1214.3250) (1230.0000, 989.5500) (690.0000, 989.5500)
frame 0201: (560.1008, 1205.8322) (1359.8992, 1205.8322) (1227.7234, 985.7595) (692.2766, 985.7595)
frame 0202: (565.0746, 1197.5507) (1354.9254, 1197.5507) (1225.4849, 982.0324) (694.5151, 982.0324)
frame 0203: (569.9263, 1189.4727) (1350.0737, 1189.4727) (1223.2836, 978.3672) (696.7164, 978.3672)
frame 0204: (574.6602, 1181.5908) (1345.3398, 1181.5908) (1221.1184, 974.7622) (698.8816, 974.7622)
frame 0205: (579.2806, 1173.8978) (1340.7194, 1173.8978) (1218.9886, 971.2160) (701.0114, 971.2160)
frame 0206: (583.7915, 1166.3872) (1336.2085, 1166.3872) (1216.8932, 967.7272) (703.1068, 967.7272)
frame 0207: (588.1967, 1159.0525) (1331.8033, 1159.0525) (1214.8315, 964.2944) (705.1685, 964.2944)
frame 0208: (592.5000, 1151.8875) (1327.5000, 1151.8875) (1212.8025, 960.9162) (707.1975, 960.9162)
frame 0209: (596.7048, 1144.8865) (1323.2952, 1144.8865) (1210.8057, 957.5915) (709.1943, 957.5915)
frame 0210: (600.8145, 1138.0439) (1319.1855, 1138.0439) (1208.8401, 954.3188) (711.1599, 954.3188)
frame 0211: (604.8322, 1131.3544) (1315.1678, 1131.3544) (1206.9051, 951.0970) (713.0949, 951.0970)
frame 0212: (608.7611, 1124.8128) (1311.2389, 1124.8128) (1205.0000, 947.9250) (715.0000, 947.9250)
frame 0213: (612.6039, 1118.4144) (1307.3961, 1118.4144) (1203.1240, 944.8015) (716.8760, 944.8015)
frame 0214: (616.3636, 1112.1545) (1303.6364, 1112.1545) (1201.2766, 941.7255) (718.7234, 941.7255)
frame 0215: (620.0428, 1106.0287) (1299.9572, 1106.0287) (1199.4570, 938.6959) (720.5430, 938.6959)
frame 0216: (623.6441, 1100.0326) (1296.3559, 1100.0326) (1197.6647, 935.7117) (722.3353, 935.7117)
frame 0217: (627.1698, 1094.1623) (1292.8302, 1094.1623) (1195.8990, 932.7718) (724.1010, 932.7718)
frame 0218: (630.6224, 1088.4137) (1289.3776, 1088.4137) (1194.1593, 929.8752) (725.8407, 929.8752)
frame 0219: (634.0041, 1082.7832) (1285.9959, 1082.7832) (1192.4451, 927.0211) (727.5549, 927.0211)
frame 0220: (637.3171, 1077.2671) (1282.6829, 1077.2671) (1190.7558, 924.2084) (729.2442, 924.2084)
frame 0221: (640.5634, 1071.8620) (1279.4366, 1071.8620) (1189.0909, 921.4364) (730.9091, 921.4364)
frame 0222: (643.7450, 1066.5645) (1276.2550, 1066.5645) (1187.4499, 918.7040) (732.5501, 918.7040)
frame 0223: (646.8639, 1061.3716) (1273.1361, 1061.3716) (1185.8321, 916.0105) (734.1679, 916.0105)
frame 0224: (649.9219, 1056.2801) (1270.0781, 1056.2801) (1184.2373, 913.3551) (735.7627, 913.3551)
frame 0225: (652.9207, 1051.2870) (1267.0793, 1051.2870) (1182.6648, 910.7369) (737.3352, 910.7369)
frame 0226: (655.8621, 1046.3897) (1264.1379, 1046.3897) (1181.1142, 908.1552) (738.8858, 908.1552)
frame 0227: (658.7476, 1041.5852) (1261.2524, 1041.5852) (1179.5851, 905.6091) (740.4149, 905.6091)
frame 0228: (661.5789, 1036.8711) (1258.4211, 1036.8711) (1178.0769, 903.0981) (741.9231, 903.0981)
frame 0229: (664.3575, 1032.2447) (1255.6425, 1032.2447) (1176.5894, 900.6213) (743.4106, 900.6213)
frame 0230: (667.0849, 1027.7037) (1252.9151, 1027.7037) (1175.1220, 898.1780) (744.8780, 898.1780)
frame 0231: (669.7623, 1023.2457) (1250.2377, 1023.2457) (1173.6743, 895.7677) (746.3257, 895.7677)
frame 0232: (672.3913, 1018.8685) (1247.6087, 1018.8685) (1172.2460, 893.3896) (747.7540, 893.3896)
frame 0233: (674.9731, 1014.5698) (1245.0269, 1014.5698) (1170.8367, 891.0430) (749.1633, 891.0430)
frame 0234: (677.5089, 1010.3477) (1242.4911, 1010.3477) (1169.4459, 888.7274) (750.5541, 888.7274)
frame 0235: (680.0000, 1006.2000) (1240.0000, 1006.2000) (1168.0734, 886.4422) (751.9266, 886.4422)
frame 0236: (682.4476, 1002.1248) (1237.5524, 1002.1248) (1166.7188, 884.1867) (753.2812, 884.1867)
frame 0237: (684.8527, 998.1203) (1235.1473, 998.1203) (1165.3816, 881.9604) (754.6184, 881.9604)
frame 0238: (687.2165, 994.1845) (1232.7835, 994.1845) (1164.0617, 879.7627) (755.9383, 879.7627)
frame 0239: (689.5400, 990.3158) (1230.4600, 990.3158) (1162.7586, 877.5931) (757.2414, 877.5931)
frame 0240: (691.8243, 986.5125) (1228.1757, 986.5125) (1161.4721, 875.4510) (758.5279, 875.4510)
frame 0241: (694.0704, 982.7729) (1225.9296, 982.7729) (1160.2018, 873.3359) (759.7982, 873.3359)
frame 0242: (696.2791, 979.0953) (1223.7209, 979.0953) (1158.9474, 871.2474) (761.0526, 871.2474)
frame 0243: (698.4514, 975.4784) (1221.5486, 975.4784) (1157.7086, 869.1848) (762.2914, 869.1848)
frame 0244: (700.5882, 971.9206) (1219.4118, 971.9206) (1156.4851, 867.1478) (763.5149, 867.1478)
frame 0245: (702.6904, 968.4204) (1217.3096, 968.4204) (1155.2768, 865.1358) (764.7232, 865.1358)
frame 0246: (704.7588, 964.9765) (1215.2412, 964.9765) (1154.0831, 863.1484) (765.9169, 863.1484)
frame 0247: (706.7943, 961.5876) (1213.2057, 961.5876) (1152.9040, 861.1852) (767.0960, 861.1852)
frame 0248: (708.7975, 958.2522) (1211.2025, 958.2522) (1151.7391, 859.2457) (768.2609, 859.2457)
frame 0249: (710.7692, 954.9692) (1209.2308, 954.9692) (1150.5882, 857.3294) (769.4118, 857.3294)
